#timebase=4000000(ps)
,#voltbase=500000(mv/100)
#size=4000
-4.110E-05,0.060
-4.108E-05,0.040
-4.106E-05,0.060
-4.104E-05,0.080
-4.102E-05,0.060
-4.100E-05,0.080
-4.098E-05,0.080
-4.096E-05,0.060
-4.094E-05,0.060
-4.092E-05,0.040
-4.090E-05,0.080
-4.088E-05,0.040
-4.086E-05,0.060
-4.084E-05,0.060
-4.082E-05,0.060
-4.080E-05,0.040
-4.078E-05,0.020
-4.076E-05,0.080
-4.074E-05,0.060
-4.072E-05,0.040
-4.070E-05,0.100
-4.068E-05,0.060
-4.066E-05,0.040
-4.064E-05,0.060
-4.062E-05,0.060
-4.060E-05,0.080
-4.058E-05,0.080
-4.056E-05,0.060
-4.054E-05,0.060
-4.052E-05,0.080
-4.050E-05,0.060
-4.048E-05,0.040
-4.046E-05,0.060
-4.044E-05,0.080
-4.042E-05,0.020
-4.040E-05,0.060
-4.038E-05,0.040
-4.036E-05,0.060
-4.034E-05,0.060
-4.032E-05,0.040
-4.030E-05,0.060
-4.028E-05,0.040
-4.026E-05,0.080
-4.024E-05,0.060
-4.022E-05,0.060
-4.020E-05,0.040
-4.018E-05,0.060
-4.016E-05,0.040
-4.014E-05,0.080
-4.012E-05,0.060
-4.010E-05,0.080
-4.008E-05,0.040
-4.006E-05,0.080
-4.004E-05,0.080
-4.002E-05,0.060
-4.000E-05,0.060
-3.998E-05,0.040
-3.996E-05,0.040
-3.994E-05,0.060
-3.992E-05,0.060
-3.990E-05,0.060
-3.988E-05,0.080
-3.986E-05,0.060
-3.984E-05,0.060
-3.982E-05,0.040
-3.980E-05,0.060
-3.978E-05,0.080
-3.976E-05,0.080
-3.974E-05,0.040
-3.972E-05,0.080
-3.970E-05,0.060
-3.968E-05,0.060
-3.966E-05,0.080
-3.964E-05,0.060
-3.962E-05,0.060
-3.960E-05,0.040
-3.958E-05,0.060
-3.956E-05,0.080
-3.954E-05,0.080
-3.952E-05,0.060
-3.950E-05,0.060
-3.948E-05,0.080
-3.946E-05,0.060
-3.944E-05,0.060
-3.942E-05,0.080
-3.940E-05,0.080
-3.938E-05,0.100
-3.936E-05,0.060
-3.934E-05,0.100
-3.932E-05,0.080
-3.930E-05,0.100
-3.928E-05,0.060
-3.926E-05,0.060
-3.924E-05,0.040
-3.922E-05,0.080
-3.920E-05,0.080
-3.918E-05,0.020
-3.916E-05,0.080
-3.914E-05,0.060
-3.912E-05,0.040
-3.910E-05,0.040
-3.908E-05,0.040
-3.906E-05,0.040
-3.904E-05,0.040
-3.902E-05,0.080
-3.900E-05,0.080
-3.898E-05,0.060
-3.896E-05,0.080
-3.894E-05,0.060
-3.892E-05,0.080
-3.890E-05,0.060
-3.888E-05,0.060
-3.886E-05,0.040
-3.884E-05,0.060
-3.882E-05,0.060
-3.880E-05,0.040
-3.878E-05,0.020
-3.876E-05,0.060
-3.874E-05,0.020
-3.872E-05,0.080
-3.870E-05,0.040
-3.868E-05,0.080
-3.866E-05,0.040
-3.864E-05,0.060
-3.862E-05,0.080
-3.860E-05,0.080
-3.858E-05,0.060
-3.856E-05,0.060
-3.854E-05,0.060
-3.852E-05,0.060
-3.850E-05,0.060
-3.848E-05,0.040
-3.846E-05,0.040
-3.844E-05,0.060
-3.842E-05,0.100
-3.840E-05,0.100
-3.838E-05,0.080
-3.836E-05,0.080
-3.834E-05,0.060
-3.832E-05,0.040
-3.830E-05,0.060
-3.828E-05,0.060
-3.826E-05,0.060
-3.824E-05,0.040
-3.822E-05,0.060
-3.820E-05,0.040
-3.818E-05,0.040
-3.816E-05,0.040
-3.814E-05,0.040
-3.812E-05,0.040
-3.810E-05,0.080
-3.808E-05,0.040
-3.806E-05,0.060
-3.804E-05,0.060
-3.802E-05,0.060
-3.800E-05,0.080
-3.798E-05,0.060
-3.796E-05,0.060
-3.794E-05,0.060
-3.792E-05,0.080
-3.790E-05,0.080
-3.788E-05,0.040
-3.786E-05,0.060
-3.784E-05,0.060
-3.782E-05,0.060
-3.780E-05,0.060
-3.778E-05,0.080
-3.776E-05,0.040
-3.774E-05,0.060
-3.772E-05,0.040
-3.770E-05,0.040
-3.768E-05,0.080
-3.766E-05,0.060
-3.764E-05,0.020
-3.762E-05,0.060
-3.760E-05,0.080
-3.758E-05,0.080
-3.756E-05,0.080
-3.754E-05,0.060
-3.752E-05,0.040
-3.750E-05,0.100
-3.748E-05,0.080
-3.746E-05,0.060
-3.744E-05,0.080
-3.742E-05,0.060
-3.740E-05,0.040
-3.738E-05,0.040
-3.736E-05,0.040
-3.734E-05,0.080
-3.732E-05,0.040
-3.730E-05,0.060
-3.728E-05,0.100
-3.726E-05,0.060
-3.724E-05,0.080
-3.722E-05,0.080
-3.720E-05,0.040
-3.718E-05,0.080
-3.716E-05,0.060
-3.714E-05,0.040
-3.712E-05,0.040
-3.710E-05,0.080
-3.708E-05,0.060
-3.706E-05,0.040
-3.704E-05,0.060
-3.702E-05,0.040
-3.700E-05,0.080
-3.698E-05,0.060
-3.696E-05,0.040
-3.694E-05,0.040
-3.692E-05,0.060
-3.690E-05,0.080
-3.688E-05,0.080
-3.686E-05,0.060
-3.684E-05,0.060
-3.682E-05,0.060
-3.680E-05,0.020
-3.678E-05,0.060
-3.676E-05,0.040
-3.674E-05,0.060
-3.672E-05,0.060
-3.670E-05,0.040
-3.668E-05,0.060
-3.666E-05,0.040
-3.664E-05,0.080
-3.662E-05,0.080
-3.660E-05,0.020
-3.658E-05,0.080
-3.656E-05,0.060
-3.654E-05,0.080
-3.652E-05,0.060
-3.650E-05,0.080
-3.648E-05,0.060
-3.646E-05,0.040
-3.644E-05,0.080
-3.642E-05,0.060
-3.640E-05,0.040
-3.638E-05,0.060
-3.636E-05,0.040
-3.634E-05,0.060
-3.632E-05,0.060
-3.630E-05,0.060
-3.628E-05,0.060
-3.626E-05,0.040
-3.624E-05,0.080
-3.622E-05,0.080
-3.620E-05,0.060
-3.618E-05,0.040
-3.616E-05,0.060
-3.614E-05,0.040
-3.612E-05,0.040
-3.610E-05,0.040
-3.608E-05,0.040
-3.606E-05,0.040
-3.604E-05,0.040
-3.602E-05,0.100
-3.600E-05,0.040
-3.598E-05,0.080
-3.596E-05,0.080
-3.594E-05,0.060
-3.592E-05,0.040
-3.590E-05,0.060
-3.588E-05,0.040
-3.586E-05,0.060
-3.584E-05,0.040
-3.582E-05,0.100
-3.580E-05,0.080
-3.578E-05,0.060
-3.576E-05,0.060
-3.574E-05,0.060
-3.572E-05,0.060
-3.570E-05,0.040
-3.568E-05,0.060
-3.566E-05,0.040
-3.564E-05,0.080
-3.562E-05,0.080
-3.560E-05,0.080
-3.558E-05,0.080
-3.556E-05,0.080
-3.554E-05,0.080
-3.552E-05,0.060
-3.550E-05,0.060
-3.548E-05,0.040
-3.546E-05,0.060
-3.544E-05,0.060
-3.542E-05,0.060
-3.540E-05,0.040
-3.538E-05,0.060
-3.536E-05,0.080
-3.534E-05,0.060
-3.532E-05,0.040
-3.530E-05,0.040
-3.528E-05,0.040
-3.526E-05,0.040
-3.524E-05,0.100
-3.522E-05,0.060
-3.520E-05,0.020
-3.518E-05,0.060
-3.516E-05,0.060
-3.514E-05,0.020
-3.512E-05,0.080
-3.510E-05,0.060
-3.508E-05,0.080
-3.506E-05,0.040
-3.504E-05,0.080
-3.502E-05,0.080
-3.500E-05,0.060
-3.498E-05,0.040
-3.496E-05,0.040
-3.494E-05,0.080
-3.492E-05,0.060
-3.490E-05,0.060
-3.488E-05,0.060
-3.486E-05,0.060
-3.484E-05,0.060
-3.482E-05,0.040
-3.480E-05,0.100
-3.478E-05,0.080
-3.476E-05,0.060
-3.474E-05,0.060
-3.472E-05,0.060
-3.470E-05,0.060
-3.468E-05,0.060
-3.466E-05,0.100
-3.464E-05,0.080
-3.462E-05,0.080
-3.460E-05,0.060
-3.458E-05,0.080
-3.456E-05,0.060
-3.454E-05,0.060
-3.452E-05,0.060
-3.450E-05,0.080
-3.448E-05,0.040
-3.446E-05,0.080
-3.444E-05,0.060
-3.442E-05,0.040
-3.440E-05,0.060
-3.438E-05,0.040
-3.436E-05,0.020
-3.434E-05,0.060
-3.432E-05,0.040
-3.430E-05,0.060
-3.428E-05,0.040
-3.426E-05,0.060
-3.424E-05,0.060
-3.422E-05,0.080
-3.420E-05,0.040
-3.418E-05,0.060
-3.416E-05,0.100
-3.414E-05,0.060
-3.412E-05,0.060
-3.410E-05,0.080
-3.408E-05,0.040
-3.406E-05,0.040
-3.404E-05,0.040
-3.402E-05,0.040
-3.400E-05,0.040
-3.398E-05,0.060
-3.396E-05,0.080
-3.394E-05,0.100
-3.392E-05,0.060
-3.390E-05,0.080
-3.388E-05,0.060
-3.386E-05,0.080
-3.384E-05,0.080
-3.382E-05,0.060
-3.380E-05,0.080
-3.378E-05,0.040
-3.376E-05,0.080
-3.374E-05,0.080
-3.372E-05,0.020
-3.370E-05,0.040
-3.368E-05,0.040
-3.366E-05,0.080
-3.364E-05,0.040
-3.362E-05,0.100
-3.360E-05,0.040
-3.358E-05,0.080
-3.356E-05,0.040
-3.354E-05,0.040
-3.352E-05,0.080
-3.350E-05,0.100
-3.348E-05,0.080
-3.346E-05,0.080
-3.344E-05,0.040
-3.342E-05,0.040
-3.340E-05,0.100
-3.338E-05,0.080
-3.336E-05,0.060
-3.334E-05,0.040
-3.332E-05,0.080
-3.330E-05,0.060
-3.328E-05,0.060
-3.326E-05,0.060
-3.324E-05,0.040
-3.322E-05,0.060
-3.320E-05,0.080
-3.318E-05,0.100
-3.316E-05,0.060
-3.314E-05,0.040
-3.312E-05,0.040
-3.310E-05,0.040
-3.308E-05,0.080
-3.306E-05,0.060
-3.304E-05,0.060
-3.302E-05,0.080
-3.300E-05,0.080
-3.298E-05,0.040
-3.296E-05,0.040
-3.294E-05,0.080
-3.292E-05,0.080
-3.290E-05,0.060
-3.288E-05,0.080
-3.286E-05,0.060
-3.284E-05,0.040
-3.282E-05,0.040
-3.280E-05,0.040
-3.278E-05,0.040
-3.276E-05,0.080
-3.274E-05,0.060
-3.272E-05,0.020
-3.270E-05,0.060
-3.268E-05,0.080
-3.266E-05,0.080
-3.264E-05,0.080
-3.262E-05,0.100
-3.260E-05,0.060
-3.258E-05,0.040
-3.256E-05,0.060
-3.254E-05,0.100
-3.252E-05,0.040
-3.250E-05,0.040
-3.248E-05,0.080
-3.246E-05,0.060
-3.244E-05,0.040
-3.242E-05,0.080
-3.240E-05,0.060
-3.238E-05,0.040
-3.236E-05,0.060
-3.234E-05,0.100
-3.232E-05,0.060
-3.230E-05,0.080
-3.228E-05,0.060
-3.226E-05,0.040
-3.224E-05,0.080
-3.222E-05,0.100
-3.220E-05,0.060
-3.218E-05,0.100
-3.216E-05,0.060
-3.214E-05,0.060
-3.212E-05,0.040
-3.210E-05,0.060
-3.208E-05,0.080
-3.206E-05,0.080
-3.204E-05,0.080
-3.202E-05,0.080
-3.200E-05,0.060
-3.198E-05,0.080
-3.196E-05,0.040
-3.194E-05,0.060
-3.192E-05,0.040
-3.190E-05,0.060
-3.188E-05,0.080
-3.186E-05,0.060
-3.184E-05,0.060
-3.182E-05,0.020
-3.180E-05,0.020
-3.178E-05,0.060
-3.176E-05,0.040
-3.174E-05,0.060
-3.172E-05,0.080
-3.170E-05,0.040
-3.168E-05,0.060
-3.166E-05,0.040
-3.164E-05,0.080
-3.162E-05,0.060
-3.160E-05,0.020
-3.158E-05,0.060
-3.156E-05,0.040
-3.154E-05,0.040
-3.152E-05,0.060
-3.150E-05,0.100
-3.148E-05,0.080
-3.146E-05,0.040
-3.144E-05,0.080
-3.142E-05,0.060
-3.140E-05,0.060
-3.138E-05,0.040
-3.136E-05,0.060
-3.134E-05,0.080
-3.132E-05,0.060
-3.130E-05,0.060
-3.128E-05,0.060
-3.126E-05,0.060
-3.124E-05,0.060
-3.122E-05,0.040
-3.120E-05,0.060
-3.118E-05,0.060
-3.116E-05,0.060
-3.114E-05,0.060
-3.112E-05,0.060
-3.110E-05,0.060
-3.108E-05,0.100
-3.106E-05,0.060
-3.104E-05,0.080
-3.102E-05,0.060
-3.100E-05,0.080
-3.098E-05,0.060
-3.096E-05,0.060
-3.094E-05,0.020
-3.092E-05,0.080
-3.090E-05,0.060
-3.088E-05,0.060
-3.086E-05,0.060
-3.084E-05,0.060
-3.082E-05,0.060
-3.080E-05,0.100
-3.078E-05,0.060
-3.076E-05,0.040
-3.074E-05,0.040
-3.072E-05,0.080
-3.070E-05,0.040
-3.068E-05,0.080
-3.066E-05,0.040
-3.064E-05,0.100
-3.062E-05,0.060
-3.060E-05,0.060
-3.058E-05,0.060
-3.056E-05,0.060
-3.054E-05,0.080
-3.052E-05,0.060
-3.050E-05,0.060
-3.048E-05,0.080
-3.046E-05,0.060
-3.044E-05,0.060
-3.042E-05,0.060
-3.040E-05,0.080
-3.038E-05,0.060
-3.036E-05,0.040
-3.034E-05,0.060
-3.032E-05,0.080
-3.030E-05,0.060
-3.028E-05,0.080
-3.026E-05,0.080
-3.024E-05,0.040
-3.022E-05,0.060
-3.020E-05,0.080
-3.018E-05,0.060
-3.016E-05,0.060
-3.014E-05,0.040
-3.012E-05,0.060
-3.010E-05,0.060
-3.008E-05,0.060
-3.006E-05,0.040
-3.004E-05,0.040
-3.002E-05,0.080
-3.000E-05,0.080
-2.998E-05,0.080
-2.996E-05,0.080
-2.994E-05,0.080
-2.992E-05,0.060
-2.990E-05,0.040
-2.988E-05,0.060
-2.986E-05,0.040
-2.984E-05,0.040
-2.982E-05,0.100
-2.980E-05,0.080
-2.978E-05,0.040
-2.976E-05,0.080
-2.974E-05,0.040
-2.972E-05,0.060
-2.970E-05,0.020
-2.968E-05,0.080
-2.966E-05,0.040
-2.964E-05,0.080
-2.962E-05,0.060
-2.960E-05,0.060
-2.958E-05,0.060
-2.956E-05,0.040
-2.954E-05,0.060
-2.952E-05,0.080
-2.950E-05,0.040
-2.948E-05,0.080
-2.946E-05,0.060
-2.944E-05,0.060
-2.942E-05,0.060
-2.940E-05,0.060
-2.938E-05,0.060
-2.936E-05,0.040
-2.934E-05,0.020
-2.932E-05,0.060
-2.930E-05,0.080
-2.928E-05,0.060
-2.926E-05,0.020
-2.924E-05,0.060
-2.922E-05,0.040
-2.920E-05,0.040
-2.918E-05,0.020
-2.916E-05,0.080
-2.914E-05,0.080
-2.912E-05,0.060
-2.910E-05,0.100
-2.908E-05,0.040
-2.906E-05,0.080
-2.904E-05,0.060
-2.902E-05,0.040
-2.900E-05,0.020
-2.898E-05,0.080
-2.896E-05,0.040
-2.894E-05,0.040
-2.892E-05,0.060
-2.890E-05,0.060
-2.888E-05,0.040
-2.886E-05,0.040
-2.884E-05,0.040
-2.882E-05,0.040
-2.880E-05,0.080
-2.878E-05,0.080
-2.876E-05,0.060
-2.874E-05,0.100
-2.872E-05,0.060
-2.870E-05,0.040
-2.868E-05,0.060
-2.866E-05,0.080
-2.864E-05,0.060
-2.862E-05,0.080
-2.860E-05,0.060
-2.858E-05,0.080
-2.856E-05,0.060
-2.854E-05,0.040
-2.852E-05,0.060
-2.850E-05,0.080
-2.848E-05,0.060
-2.846E-05,0.080
-2.844E-05,0.060
-2.842E-05,0.040
-2.840E-05,0.080
-2.838E-05,0.080
-2.836E-05,0.040
-2.834E-05,0.040
-2.832E-05,0.080
-2.830E-05,0.100
-2.828E-05,0.080
-2.826E-05,0.040
-2.824E-05,0.080
-2.822E-05,0.080
-2.820E-05,0.020
-2.818E-05,0.040
-2.816E-05,0.060
-2.814E-05,0.040
-2.812E-05,0.040
-2.810E-05,0.060
-2.808E-05,0.040
-2.806E-05,0.040
-2.804E-05,0.040
-2.802E-05,0.040
-2.800E-05,0.040
-2.798E-05,0.080
-2.796E-05,0.080
-2.794E-05,0.060
-2.792E-05,0.100
-2.790E-05,0.060
-2.788E-05,0.040
-2.786E-05,0.060
-2.784E-05,0.040
-2.782E-05,0.080
-2.780E-05,0.060
-2.778E-05,0.060
-2.776E-05,0.060
-2.774E-05,0.080
-2.772E-05,0.080
-2.770E-05,0.060
-2.768E-05,0.080
-2.766E-05,0.060
-2.764E-05,0.080
-2.762E-05,0.060
-2.760E-05,0.080
-2.758E-05,0.080
-2.756E-05,0.080
-2.754E-05,0.060
-2.752E-05,0.080
-2.750E-05,0.060
-2.748E-05,0.040
-2.746E-05,0.060
-2.744E-05,0.060
-2.742E-05,0.060
-2.740E-05,0.060
-2.738E-05,0.080
-2.736E-05,0.060
-2.734E-05,0.080
-2.732E-05,0.020
-2.730E-05,0.080
-2.728E-05,0.040
-2.726E-05,0.080
-2.724E-05,0.040
-2.722E-05,0.080
-2.720E-05,0.080
-2.718E-05,0.060
-2.716E-05,0.100
-2.714E-05,0.060
-2.712E-05,0.040
-2.710E-05,0.020
-2.708E-05,0.060
-2.706E-05,0.080
-2.704E-05,0.060
-2.702E-05,0.060
-2.700E-05,0.060
-2.698E-05,0.080
-2.696E-05,0.060
-2.694E-05,0.080
-2.692E-05,0.060
-2.690E-05,0.040
-2.688E-05,0.060
-2.686E-05,0.040
-2.684E-05,0.080
-2.682E-05,0.040
-2.680E-05,0.060
-2.678E-05,0.060
-2.676E-05,0.060
-2.674E-05,0.060
-2.672E-05,0.040
-2.670E-05,0.080
-2.668E-05,0.080
-2.666E-05,0.080
-2.664E-05,0.060
-2.662E-05,0.060
-2.660E-05,0.060
-2.658E-05,0.060
-2.656E-05,0.060
-2.654E-05,0.040
-2.652E-05,0.060
-2.650E-05,0.040
-2.648E-05,0.060
-2.646E-05,0.080
-2.644E-05,0.060
-2.642E-05,0.060
-2.640E-05,0.060
-2.638E-05,0.060
-2.636E-05,0.040
-2.634E-05,0.060
-2.632E-05,0.060
-2.630E-05,0.060
-2.628E-05,0.040
-2.626E-05,0.060
-2.624E-05,0.040
-2.622E-05,0.060
-2.620E-05,0.080
-2.618E-05,0.080
-2.616E-05,0.020
-2.614E-05,0.080
-2.612E-05,0.060
-2.610E-05,0.080
-2.608E-05,0.080
-2.606E-05,0.060
-2.604E-05,0.040
-2.602E-05,0.080
-2.600E-05,0.060
-2.598E-05,0.040
-2.596E-05,0.060
-2.594E-05,0.040
-2.592E-05,0.060
-2.590E-05,0.080
-2.588E-05,0.060
-2.586E-05,0.040
-2.584E-05,0.060
-2.582E-05,0.060
-2.580E-05,0.060
-2.578E-05,0.040
-2.576E-05,0.080
-2.574E-05,0.040
-2.572E-05,0.040
-2.570E-05,0.080
-2.568E-05,0.080
-2.566E-05,0.060
-2.564E-05,0.080
-2.562E-05,0.040
-2.560E-05,0.060
-2.558E-05,0.080
-2.556E-05,0.080
-2.554E-05,0.100
-2.552E-05,0.060
-2.550E-05,0.040
-2.548E-05,0.080
-2.546E-05,0.060
-2.544E-05,0.040
-2.542E-05,0.080
-2.540E-05,0.060
-2.538E-05,0.040
-2.536E-05,0.080
-2.534E-05,0.040
-2.532E-05,0.040
-2.530E-05,0.040
-2.528E-05,0.060
-2.526E-05,0.080
-2.524E-05,0.060
-2.522E-05,0.040
-2.520E-05,0.060
-2.518E-05,0.060
-2.516E-05,0.060
-2.514E-05,0.060
-2.512E-05,0.060
-2.510E-05,0.040
-2.508E-05,0.040
-2.506E-05,0.040
-2.504E-05,0.080
-2.502E-05,0.060
-2.500E-05,0.060
-2.498E-05,0.060
-2.496E-05,0.060
-2.494E-05,0.020
-2.492E-05,0.080
-2.490E-05,0.040
-2.488E-05,0.080
-2.486E-05,0.080
-2.484E-05,0.060
-2.482E-05,0.040
-2.480E-05,0.040
-2.478E-05,0.080
-2.476E-05,0.080
-2.474E-05,0.060
-2.472E-05,0.060
-2.470E-05,0.040
-2.468E-05,0.080
-2.466E-05,0.060
-2.464E-05,0.060
-2.462E-05,0.080
-2.460E-05,0.040
-2.458E-05,0.060
-2.456E-05,0.060
-2.454E-05,0.060
-2.452E-05,0.040
-2.450E-05,0.060
-2.448E-05,0.080
-2.446E-05,0.060
-2.444E-05,0.040
-2.442E-05,0.080
-2.440E-05,0.060
-2.438E-05,0.080
-2.436E-05,0.060
-2.434E-05,0.060
-2.432E-05,0.060
-2.430E-05,0.060
-2.428E-05,0.060
-2.426E-05,0.040
-2.424E-05,0.060
-2.422E-05,0.000
-2.420E-05,-0.860
-2.418E-05,-2.380
-2.416E-05,-2.540
-2.414E-05,-0.820
-2.412E-05,1.340
-2.410E-05,2.880
-2.408E-05,2.880
-2.406E-05,2.900
-2.404E-05,1.700
-2.402E-05,0.180
-2.400E-05,-0.900
-2.398E-05,-1.560
-2.396E-05,-1.720
-2.394E-05,-1.640
-2.392E-05,-1.580
-2.390E-05,-1.300
-2.388E-05,-0.620
-2.386E-05,0.100
-2.384E-05,0.740
-2.382E-05,1.240
-2.380E-05,1.340
-2.378E-05,1.040
-2.376E-05,0.540
-2.374E-05,0.120
-2.372E-05,-0.280
-2.370E-05,-0.500
-2.368E-05,-0.600
-2.366E-05,-0.500
-2.364E-05,-0.180
-2.362E-05,0.340
-2.360E-05,0.700
-2.358E-05,0.780
-2.356E-05,0.500
-2.354E-05,0.080
-2.352E-05,-0.380
-2.350E-05,-0.580
-2.348E-05,-0.480
-2.346E-05,-0.200
-2.344E-05,0.120
-2.342E-05,0.380
-2.340E-05,0.520
-2.338E-05,0.600
-2.336E-05,0.600
-2.334E-05,0.460
-2.332E-05,0.280
-2.330E-05,0.020
-2.328E-05,-0.200
-2.326E-05,-0.300
-2.324E-05,-0.380
-2.322E-05,-0.320
-2.320E-05,-0.200
-2.318E-05,-0.080
-2.316E-05,-0.060
-2.314E-05,-0.020
-2.312E-05,0.120
-2.310E-05,-0.100
-2.308E-05,0.080
-2.306E-05,0.200
-2.304E-05,0.400
-2.302E-05,0.300
-2.300E-05,0.300
-2.298E-05,0.280
-2.296E-05,0.200
-2.294E-05,0.060
-2.292E-05,0.000
-2.290E-05,-0.140
-2.288E-05,-0.220
-2.286E-05,-0.220
-2.284E-05,-0.120
-2.282E-05,0.000
-2.280E-05,0.140
-2.278E-05,0.200
-2.276E-05,0.300
-2.274E-05,0.260
-2.272E-05,0.180
-2.270E-05,0.060
-2.268E-05,-0.040
-2.266E-05,-0.120
-2.264E-05,-0.080
-2.262E-05,-0.080
-2.260E-05,-0.020
-2.258E-05,0.080
-2.256E-05,0.120
-2.254E-05,0.120
-2.252E-05,0.100
-2.250E-05,0.100
-2.248E-05,0.060
-2.246E-05,0.040
-2.244E-05,0.040
-2.242E-05,0.020
-2.240E-05,0.060
-2.238E-05,0.040
-2.236E-05,0.020
-2.234E-05,0.060
-2.232E-05,0.060
-2.230E-05,0.040
-2.228E-05,0.080
-2.226E-05,0.080
-2.224E-05,0.040
-2.222E-05,0.060
-2.220E-05,0.060
-2.218E-05,0.100
-2.216E-05,0.060
-2.214E-05,0.080
-2.212E-05,0.020
-2.210E-05,0.040
-2.208E-05,0.020
-2.206E-05,0.020
-2.204E-05,0.020
-2.202E-05,0.020
-2.200E-05,0.040
-2.198E-05,0.040
-2.196E-05,0.120
-2.194E-05,0.220
-2.192E-05,0.580
-2.190E-05,0.800
-2.188E-05,0.540
-2.186E-05,0.040
-2.184E-05,-0.360
-2.182E-05,-0.580
-2.180E-05,-0.700
-2.178E-05,-0.680
-2.176E-05,-0.540
-2.174E-05,-0.300
-2.172E-05,-0.040
-2.170E-05,0.160
-2.168E-05,0.340
-2.166E-05,0.460
-2.164E-05,0.560
-2.162E-05,0.500
-2.160E-05,0.380
-2.158E-05,0.180
-2.156E-05,-0.140
-2.154E-05,-0.220
-2.152E-05,-0.240
-2.150E-05,-0.200
-2.148E-05,-0.120
-2.146E-05,0.040
-2.144E-05,0.180
-2.142E-05,0.240
-2.140E-05,0.220
-2.138E-05,0.180
-2.136E-05,0.080
-2.134E-05,0.000
-2.132E-05,-0.080
-2.130E-05,-0.060
-2.128E-05,0.020
-2.126E-05,0.040
-2.124E-05,0.020
-2.122E-05,0.040
-2.120E-05,-0.020
-2.118E-05,-0.060
-2.116E-05,-0.040
-2.114E-05,-0.040
-2.112E-05,-0.120
-2.110E-05,-0.160
-2.108E-05,-0.180
-2.106E-05,-0.160
-2.104E-05,-0.100
-2.102E-05,-0.040
-2.100E-05,-0.020
-2.098E-05,0.040
-2.096E-05,0.060
-2.094E-05,0.120
-2.092E-05,0.080
-2.090E-05,0.060
-2.088E-05,0.040
-2.086E-05,0.040
-2.084E-05,0.040
-2.082E-05,0.060
-2.080E-05,0.000
-2.078E-05,-0.060
-2.076E-05,-0.040
-2.074E-05,-0.100
-2.072E-05,-0.040
-2.070E-05,-0.060
-2.068E-05,-0.020
-2.066E-05,0.040
-2.064E-05,0.080
-2.062E-05,0.020
-2.060E-05,0.020
-2.058E-05,0.040
-2.056E-05,-0.100
-2.054E-05,-0.020
-2.052E-05,0.060
-2.050E-05,0.040
-2.048E-05,0.040
-2.046E-05,0.080
-2.044E-05,0.060
-2.042E-05,0.100
-2.040E-05,0.140
-2.038E-05,0.140
-2.036E-05,0.100
-2.034E-05,0.120
-2.032E-05,0.060
-2.030E-05,0.000
-2.028E-05,-0.040
-2.026E-05,-0.060
-2.024E-05,-0.140
-2.022E-05,-0.220
-2.020E-05,-0.200
-2.018E-05,-0.180
-2.016E-05,-0.140
-2.014E-05,-0.080
-2.012E-05,-0.100
-2.010E-05,-0.080
-2.008E-05,-0.080
-2.006E-05,-0.020
-2.004E-05,0.060
-2.002E-05,0.060
-2.000E-05,0.100
-1.998E-05,0.080
-1.996E-05,-0.020
-1.994E-05,-0.040
-1.992E-05,0.000
-1.990E-05,-0.060
-1.988E-05,-0.020
-1.986E-05,-0.040
-1.984E-05,-0.060
-1.982E-05,-0.040
-1.980E-05,0.000
-1.978E-05,-0.060
-1.976E-05,0.000
-1.974E-05,-0.040
-1.972E-05,-0.140
-1.970E-05,-0.040
-1.968E-05,0.060
-1.966E-05,-0.020
-1.964E-05,-0.220
-1.962E-05,-0.140
-1.960E-05,-0.020
-1.958E-05,-0.060
-1.956E-05,-0.140
-1.954E-05,-0.020
-1.952E-05,-0.100
-1.950E-05,-0.060
-1.948E-05,-0.060
-1.946E-05,0.000
-1.944E-05,0.000
-1.942E-05,0.120
-1.940E-05,0.220
-1.938E-05,0.200
-1.936E-05,0.260
-1.934E-05,0.280
-1.932E-05,0.280
-1.930E-05,0.260
-1.928E-05,0.180
-1.926E-05,0.200
-1.924E-05,0.140
-1.922E-05,0.040
-1.920E-05,-0.020
-1.918E-05,-0.080
-1.916E-05,-0.080
-1.914E-05,-0.060
-1.912E-05,-0.060
-1.910E-05,-0.120
-1.908E-05,-0.180
-1.906E-05,-0.220
-1.904E-05,-0.280
-1.902E-05,-0.280
-1.900E-05,-0.160
-1.898E-05,-0.200
-1.896E-05,-0.260
-1.894E-05,-0.180
-1.892E-05,-0.120
-1.890E-05,-0.080
-1.888E-05,0.000
-1.886E-05,0.020
-1.884E-05,0.000
-1.882E-05,0.040
-1.880E-05,0.060
-1.878E-05,0.080
-1.876E-05,0.020
-1.874E-05,-0.040
-1.872E-05,-0.060
-1.870E-05,-0.100
-1.868E-05,-0.120
-1.866E-05,-0.160
-1.864E-05,-0.180
-1.862E-05,-0.140
-1.860E-05,-0.100
-1.858E-05,-0.020
-1.856E-05,-0.060
-1.854E-05,-0.120
-1.852E-05,-0.200
-1.850E-05,-0.180
-1.848E-05,-0.180
-1.846E-05,-0.100
-1.844E-05,0.160
-1.842E-05,0.280
-1.840E-05,0.000
-1.838E-05,-0.360
-1.836E-05,-0.500
-1.834E-05,-0.460
-1.832E-05,-0.460
-1.830E-05,-0.300
-1.828E-05,-0.260
-1.826E-05,-0.040
-1.824E-05,0.280
-1.822E-05,0.280
-1.820E-05,0.200
-1.818E-05,0.200
-1.816E-05,0.180
-1.814E-05,-0.080
-1.812E-05,-0.460
-1.810E-05,-0.640
-1.808E-05,-0.660
-1.806E-05,-0.560
-1.804E-05,-0.360
-1.802E-05,-0.300
-1.800E-05,-0.040
-1.798E-05,0.220
-1.796E-05,0.200
-1.794E-05,0.080
-1.792E-05,-0.080
-1.790E-05,-0.220
-1.788E-05,-0.340
-1.786E-05,-0.480
-1.784E-05,-0.400
-1.782E-05,-0.340
-1.780E-05,-0.220
-1.778E-05,-0.220
-1.776E-05,-0.120
-1.774E-05,0.020
-1.772E-05,0.000
-1.770E-05,-0.120
-1.768E-05,-0.160
-1.766E-05,-0.140
-1.764E-05,-0.100
-1.762E-05,-0.180
-1.760E-05,-0.260
-1.758E-05,-0.340
-1.756E-05,-0.220
-1.754E-05,-0.080
-1.752E-05,0.000
-1.750E-05,-0.060
-1.748E-05,0.040
-1.746E-05,0.040
-1.744E-05,-0.020
-1.742E-05,-0.080
-1.740E-05,-0.160
-1.738E-05,-0.240
-1.736E-05,-0.400
-1.734E-05,-0.440
-1.732E-05,-0.420
-1.730E-05,-0.320
-1.728E-05,-0.200
-1.726E-05,-0.240
-1.724E-05,-0.220
-1.722E-05,-0.220
-1.720E-05,-0.120
-1.718E-05,-0.220
-1.716E-05,-0.140
-1.714E-05,-0.140
-1.712E-05,-0.220
-1.710E-05,-0.100
-1.708E-05,0.440
-1.706E-05,1.040
-1.704E-05,1.080
-1.702E-05,1.040
-1.700E-05,-0.560
-1.698E-05,-2.540
-1.696E-05,-2.540
-1.694E-05,-2.540
-1.692E-05,-1.700
-1.690E-05,-1.180
-1.688E-05,-0.760
-1.686E-05,-0.120
-1.684E-05,0.660
-1.682E-05,1.400
-1.680E-05,2.020
-1.678E-05,2.320
-1.676E-05,1.740
-1.674E-05,0.040
-1.672E-05,-2.160
-1.670E-05,-2.560
-1.668E-05,-2.560
-1.666E-05,-2.540
-1.664E-05,-2.540
-1.662E-05,-2.540
-1.660E-05,-1.280
-1.658E-05,0.720
-1.656E-05,2.180
-1.654E-05,2.580
-1.652E-05,2.320
-1.650E-05,1.480
-1.648E-05,0.200
-1.646E-05,-1.340
-1.644E-05,-2.400
-1.642E-05,-2.540
-1.640E-05,-2.540
-1.638E-05,-2.540
-1.636E-05,-1.820
-1.634E-05,-0.560
-1.632E-05,0.440
-1.630E-05,1.000
-1.628E-05,1.040
-1.626E-05,0.640
-1.624E-05,-0.040
-1.622E-05,-0.660
-1.620E-05,-0.880
-1.618E-05,-0.720
-1.616E-05,-0.300
-1.614E-05,0.180
-1.612E-05,0.400
-1.610E-05,0.580
-1.608E-05,0.840
-1.606E-05,0.940
-1.604E-05,0.720
-1.602E-05,0.500
-1.600E-05,0.540
-1.598E-05,0.560
-1.596E-05,0.380
-1.594E-05,0.380
-1.592E-05,-0.160
-1.590E-05,-0.800
-1.588E-05,-1.300
-1.586E-05,-1.560
-1.584E-05,-1.560
-1.582E-05,-1.220
-1.580E-05,-1.040
-1.578E-05,-0.820
-1.576E-05,-0.800
-1.574E-05,-1.280
-1.572E-05,-1.580
-1.570E-05,-1.980
-1.568E-05,-2.460
-1.566E-05,-2.520
-1.564E-05,-2.300
-1.562E-05,-1.720
-1.560E-05,-0.920
-1.558E-05,-0.140
-1.556E-05,-0.100
-1.554E-05,-0.400
-1.552E-05,-0.380
-1.550E-05,-0.160
-1.548E-05,-0.020
-1.546E-05,0.280
-1.544E-05,0.560
-1.542E-05,0.600
-1.540E-05,0.600
-1.538E-05,0.520
-1.536E-05,0.340
-1.534E-05,0.220
-1.532E-05,0.220
-1.530E-05,0.220
-1.528E-05,0.220
-1.526E-05,0.300
-1.524E-05,0.340
-1.522E-05,0.300
-1.520E-05,0.260
-1.518E-05,0.160
-1.516E-05,0.060
-1.514E-05,-0.020
-1.512E-05,-0.040
-1.510E-05,-0.040
-1.508E-05,-0.020
-1.506E-05,0.000
-1.504E-05,0.080
-1.502E-05,0.140
-1.500E-05,0.280
-1.498E-05,0.360
-1.496E-05,0.420
-1.494E-05,0.340
-1.492E-05,0.260
-1.490E-05,0.180
-1.488E-05,0.120
-1.486E-05,0.120
-1.484E-05,0.060
-1.482E-05,0.040
-1.480E-05,-0.020
-1.478E-05,0.040
-1.476E-05,0.060
-1.474E-05,0.160
-1.472E-05,0.200
-1.470E-05,0.280
-1.468E-05,0.280
-1.466E-05,0.280
-1.464E-05,0.240
-1.462E-05,0.220
-1.460E-05,0.200
-1.458E-05,0.120
-1.456E-05,0.120
-1.454E-05,0.120
-1.452E-05,0.120
-1.450E-05,0.060
-1.448E-05,0.040
-1.446E-05,0.040
-1.444E-05,0.060
-1.442E-05,0.120
-1.440E-05,0.180
-1.438E-05,0.280
-1.436E-05,0.260
-1.434E-05,0.220
-1.432E-05,0.140
-1.430E-05,0.020
-1.428E-05,-0.060
-1.426E-05,0.100
-1.424E-05,0.120
-1.422E-05,0.120
-1.420E-05,0.120
-1.418E-05,0.140
-1.416E-05,0.120
-1.414E-05,0.120
-1.412E-05,0.100
-1.410E-05,0.160
-1.408E-05,0.280
-1.406E-05,0.280
-1.404E-05,0.280
-1.402E-05,0.240
-1.400E-05,0.300
-1.398E-05,0.280
-1.396E-05,0.120
-1.394E-05,0.060
-1.392E-05,-0.020
-1.390E-05,0.020
-1.388E-05,0.060
-1.386E-05,0.040
-1.384E-05,0.080
-1.382E-05,0.040
-1.380E-05,0.060
-1.378E-05,0.080
-1.376E-05,0.100
-1.374E-05,0.160
-1.372E-05,0.200
-1.370E-05,0.260
-1.368E-05,0.280
-1.366E-05,0.240
-1.364E-05,0.220
-1.362E-05,0.200
-1.360E-05,0.200
-1.358E-05,0.260
-1.356E-05,0.200
-1.354E-05,0.180
-1.352E-05,0.120
-1.350E-05,0.120
-1.348E-05,0.200
-1.346E-05,0.160
-1.344E-05,0.180
-1.342E-05,0.160
-1.340E-05,0.220
-1.338E-05,0.140
-1.336E-05,0.120
-1.334E-05,0.080
-1.332E-05,0.140
-1.330E-05,0.200
-1.328E-05,0.200
-1.326E-05,0.380
-1.324E-05,0.340
-1.322E-05,0.340
-1.320E-05,0.360
-1.318E-05,0.380
-1.316E-05,0.360
-1.314E-05,0.280
-1.312E-05,0.200
-1.310E-05,0.160
-1.308E-05,0.100
-1.306E-05,0.120
-1.304E-05,0.220
-1.302E-05,0.300
-1.300E-05,0.300
-1.298E-05,0.300
-1.296E-05,0.240
-1.294E-05,0.180
-1.292E-05,0.180
-1.290E-05,0.160
-1.288E-05,0.140
-1.286E-05,0.160
-1.284E-05,0.200
-1.282E-05,0.180
-1.280E-05,0.160
-1.278E-05,0.220
-1.276E-05,0.220
-1.274E-05,0.180
-1.272E-05,0.180
-1.270E-05,0.140
-1.268E-05,0.160
-1.266E-05,0.180
-1.264E-05,0.200
-1.262E-05,0.260
-1.260E-05,0.300
-1.258E-05,0.260
-1.256E-05,0.300
-1.254E-05,0.280
-1.252E-05,0.240
-1.250E-05,0.300
-1.248E-05,0.220
-1.246E-05,0.260
-1.244E-05,0.220
-1.242E-05,0.240
-1.240E-05,0.220
-1.238E-05,0.260
-1.236E-05,0.280
-1.234E-05,0.280
-1.232E-05,0.260
-1.230E-05,0.280
-1.228E-05,0.200
-1.226E-05,0.100
-1.224E-05,0.180
-1.222E-05,0.140
-1.220E-05,0.240
-1.218E-05,0.180
-1.216E-05,0.140
-1.214E-05,0.240
-1.212E-05,0.280
-1.210E-05,0.240
-1.208E-05,0.320
-1.206E-05,0.280
-1.204E-05,0.220
-1.202E-05,0.240
-1.200E-05,0.140
-1.198E-05,0.220
-1.196E-05,0.260
-1.194E-05,0.240
-1.192E-05,0.220
-1.190E-05,0.260
-1.188E-05,0.260
-1.186E-05,0.240
-1.184E-05,0.220
-1.182E-05,0.220
-1.180E-05,0.160
-1.178E-05,0.160
-1.176E-05,0.240
-1.174E-05,0.300
-1.172E-05,0.360
-1.170E-05,0.280
-1.168E-05,0.280
-1.166E-05,0.260
-1.164E-05,0.180
-1.162E-05,0.240
-1.160E-05,0.220
-1.158E-05,0.240
-1.156E-05,0.260
-1.154E-05,0.340
-1.152E-05,0.340
-1.150E-05,0.380
-1.148E-05,0.300
-1.146E-05,0.300
-1.144E-05,0.280
-1.142E-05,0.240
-1.140E-05,0.360
-1.138E-05,0.260
-1.136E-05,0.380
-1.134E-05,0.300
-1.132E-05,0.340
-1.130E-05,0.400
-1.128E-05,0.400
-1.126E-05,0.400
-1.124E-05,0.280
-1.122E-05,0.380
-1.120E-05,0.380
-1.118E-05,0.520
-1.116E-05,0.360
-1.114E-05,0.440
-1.112E-05,0.520
-1.110E-05,0.480
-1.108E-05,0.440
-1.106E-05,0.500
-1.104E-05,0.500
-1.102E-05,0.500
-1.100E-05,0.540
-1.098E-05,0.540
-1.096E-05,0.580
-1.094E-05,0.560
-1.092E-05,0.580
-1.090E-05,0.480
-1.088E-05,0.520
-1.086E-05,0.520
-1.084E-05,-0.180
-1.082E-05,-1.040
-1.080E-05,-0.700
-1.078E-05,-1.220
-1.076E-05,-1.500
-1.074E-05,-1.560
-1.072E-05,-1.480
-1.070E-05,-0.660
-1.068E-05,-0.040
-1.066E-05,0.460
-1.064E-05,0.740
-1.062E-05,0.860
-1.060E-05,1.220
-1.058E-05,1.140
-1.056E-05,0.980
-1.054E-05,0.820
-1.052E-05,0.820
-1.050E-05,0.960
-1.048E-05,1.020
-1.046E-05,1.240
-1.044E-05,1.340
-1.042E-05,1.340
-1.040E-05,1.380
-1.038E-05,1.280
-1.036E-05,1.000
-1.034E-05,0.720
-1.032E-05,0.540
-1.030E-05,0.480
-1.028E-05,0.380
-1.026E-05,0.440
-1.024E-05,0.620
-1.022E-05,0.620
-1.020E-05,0.680
-1.018E-05,0.640
-1.016E-05,0.620
-1.014E-05,0.580
-1.012E-05,0.540
-1.010E-05,0.560
-1.008E-05,0.460
-1.006E-05,0.480
-1.004E-05,0.440
-1.002E-05,0.440
-1.000E-05,0.460
-9.980E-06,0.560
-9.960E-06,0.580
-9.940E-06,0.540
-9.920E-06,0.540
-9.900E-06,0.500
-9.880E-06,0.540
-9.860E-06,0.580
-9.840E-06,0.600
-9.820E-06,0.600
-9.800E-06,0.540
-9.780E-06,0.540
-9.760E-06,0.460
-9.740E-06,0.460
-9.720E-06,0.500
-9.700E-06,0.540
-9.680E-06,0.560
-9.660E-06,0.580
-9.640E-06,0.560
-9.620E-06,0.540
-9.600E-06,0.540
-9.580E-06,0.480
-9.560E-06,0.440
-9.540E-06,0.480
-9.520E-06,0.480
-9.500E-06,0.520
-9.480E-06,0.540
-9.460E-06,0.520
-9.440E-06,0.540
-9.420E-06,0.560
-9.400E-06,0.540
-9.380E-06,0.520
-9.360E-06,0.520
-9.340E-06,0.500
-9.320E-06,0.520
-9.300E-06,0.560
-9.280E-06,0.540
-9.260E-06,0.540
-9.240E-06,0.560
-9.220E-06,0.560
-9.200E-06,0.540
-9.180E-06,0.560
-9.160E-06,0.560
-9.140E-06,0.560
-9.120E-06,0.560
-9.100E-06,0.560
-9.080E-06,0.540
-9.060E-06,0.600
-9.040E-06,0.620
-9.020E-06,0.620
-9.000E-06,0.620
-8.980E-06,0.600
-8.960E-06,0.620
-8.940E-06,0.560
-8.920E-06,0.580
-8.900E-06,0.560
-8.880E-06,0.580
-8.860E-06,0.580
-8.840E-06,0.640
-8.820E-06,0.700
-8.800E-06,0.760
-8.780E-06,0.520
-8.760E-06,0.580
-8.740E-06,0.440
-8.720E-06,0.620
-8.700E-06,0.540
-8.680E-06,0.680
-8.660E-06,0.640
-8.640E-06,0.740
-8.620E-06,0.700
-8.600E-06,0.620
-8.580E-06,0.840
-8.560E-06,0.640
-8.540E-06,0.380
-8.520E-06,0.560
-8.500E-06,0.480
-8.480E-06,0.620
-8.460E-06,0.720
-8.440E-06,0.780
-8.420E-06,0.780
-8.400E-06,0.820
-8.380E-06,0.760
-8.360E-06,0.720
-8.340E-06,0.660
-8.320E-06,0.620
-8.300E-06,0.600
-8.280E-06,0.620
-8.260E-06,0.660
-8.240E-06,0.700
-8.220E-06,0.700
-8.200E-06,0.720
-8.180E-06,0.740
-8.160E-06,0.720
-8.140E-06,0.720
-8.120E-06,0.680
-8.100E-06,0.680
-8.080E-06,0.660
-8.060E-06,0.680
-8.040E-06,0.700
-8.020E-06,0.700
-8.000E-06,0.700
-7.980E-06,0.720
-7.960E-06,0.700
-7.940E-06,0.680
-7.920E-06,0.700
-7.900E-06,0.700
-7.880E-06,0.720
-7.860E-06,0.700
-7.840E-06,0.720
-7.820E-06,0.740
-7.800E-06,0.900
-7.780E-06,0.660
-7.760E-06,0.640
-7.740E-06,0.540
-7.720E-06,0.340
-7.700E-06,0.600
-7.680E-06,0.500
-7.660E-06,0.780
-7.640E-06,0.800
-7.620E-06,0.880
-7.600E-06,0.900
-7.580E-06,0.900
-7.560E-06,0.760
-7.540E-06,0.700
-7.520E-06,0.640
-7.500E-06,0.620
-7.480E-06,0.600
-7.460E-06,0.680
-7.440E-06,0.680
-7.420E-06,0.760
-7.400E-06,0.760
-7.380E-06,0.780
-7.360E-06,0.760
-7.340E-06,0.740
-7.320E-06,0.700
-7.300E-06,0.680
-7.280E-06,0.680
-7.260E-06,0.660
-7.240E-06,0.700
-7.220E-06,0.700
-7.200E-06,0.720
-7.180E-06,0.720
-7.160E-06,0.720
-7.140E-06,0.680
-7.120E-06,0.700
-7.100E-06,0.720
-7.080E-06,0.700
-7.060E-06,0.680
-7.040E-06,0.700
-7.020E-06,0.680
-7.000E-06,0.680
-6.980E-06,0.680
-6.960E-06,0.640
-6.940E-06,0.680
-6.920E-06,0.680
-6.900E-06,0.700
-6.880E-06,0.680
-6.860E-06,0.680
-6.840E-06,0.660
-6.820E-06,0.720
-6.800E-06,0.720
-6.780E-06,0.680
-6.760E-06,0.680
-6.740E-06,0.660
-6.720E-06,0.680
-6.700E-06,0.640
-6.680E-06,0.680
-6.660E-06,0.660
-6.640E-06,0.680
-6.620E-06,0.700
-6.600E-06,0.720
-6.580E-06,0.680
-6.560E-06,0.720
-6.540E-06,0.700
-6.520E-06,0.700
-6.500E-06,0.680
-6.480E-06,0.660
-6.460E-06,0.680
-6.440E-06,0.660
-6.420E-06,0.680
-6.400E-06,0.720
-6.380E-06,0.700
-6.360E-06,0.700
-6.340E-06,0.680
-6.320E-06,0.660
-6.300E-06,0.660
-6.280E-06,0.700
-6.260E-06,0.680
-6.240E-06,0.980
-6.220E-06,0.600
-6.200E-06,0.680
-6.180E-06,0.620
-6.160E-06,0.440
-6.140E-06,0.600
-6.120E-06,0.600
-6.100E-06,0.800
-6.080E-06,0.640
-6.060E-06,0.740
-6.040E-06,0.640
-6.020E-06,0.540
-6.000E-06,0.560
-5.980E-06,0.580
-5.960E-06,0.640
-5.940E-06,0.700
-5.920E-06,0.720
-5.900E-06,0.760
-5.880E-06,0.760
-5.860E-06,0.720
-5.840E-06,0.680
-5.820E-06,0.620
-5.800E-06,0.620
-5.780E-06,0.580
-5.760E-06,0.620
-5.740E-06,0.660
-5.720E-06,0.640
-5.700E-06,0.680
-5.680E-06,0.680
-5.660E-06,0.680
-5.640E-06,0.680
-5.620E-06,0.640
-5.600E-06,0.660
-5.580E-06,0.640
-5.560E-06,0.620
-5.540E-06,0.640
-5.520E-06,0.660
-5.500E-06,0.640
-5.480E-06,0.660
-5.460E-06,0.680
-5.440E-06,0.680
-5.420E-06,0.660
-5.400E-06,0.660
-5.380E-06,0.620
-5.360E-06,0.620
-5.340E-06,0.620
-5.320E-06,0.620
-5.300E-06,0.640
-5.280E-06,0.640
-5.260E-06,0.620
-5.240E-06,0.640
-5.220E-06,0.620
-5.200E-06,0.620
-5.180E-06,0.620
-5.160E-06,0.580
-5.140E-06,0.620
-5.120E-06,0.640
-5.100E-06,0.640
-5.080E-06,0.620
-5.060E-06,0.600
-5.040E-06,0.620
-5.020E-06,0.620
-5.000E-06,0.600
-4.980E-06,0.600
-4.960E-06,0.620
-4.940E-06,0.600
-4.920E-06,0.700
-4.900E-06,0.680
-4.880E-06,0.460
-4.860E-06,0.680
-4.840E-06,0.580
-4.820E-06,0.580
-4.800E-06,0.500
-4.780E-06,0.480
-4.760E-06,0.480
-4.740E-06,0.560
-4.720E-06,0.540
-4.700E-06,0.620
-4.680E-06,0.660
-4.660E-06,0.660
-4.640E-06,0.660
-4.620E-06,0.620
-4.600E-06,0.560
-4.580E-06,0.540
-4.560E-06,0.540
-4.540E-06,0.500
-4.520E-06,0.540
-4.500E-06,0.540
-4.480E-06,0.580
-4.460E-06,0.580
-4.440E-06,0.580
-4.420E-06,0.580
-4.400E-06,0.560
-4.380E-06,0.580
-4.360E-06,0.560
-4.340E-06,0.520
-4.320E-06,0.540
-4.300E-06,0.540
-4.280E-06,0.540
-4.260E-06,0.540
-4.240E-06,0.520
-4.220E-06,0.540
-4.200E-06,0.540
-4.180E-06,0.540
-4.160E-06,0.540
-4.140E-06,0.540
-4.120E-06,0.500
-4.100E-06,0.500
-4.080E-06,0.520
-4.060E-06,0.520
-4.040E-06,0.540
-4.020E-06,0.520
-4.000E-06,0.520
-3.980E-06,0.480
-3.960E-06,0.500
-3.940E-06,0.520
-3.920E-06,0.480
-3.900E-06,0.520
-3.880E-06,0.500
-3.860E-06,0.520
-3.840E-06,0.520
-3.820E-06,0.540
-3.800E-06,0.500
-3.780E-06,0.520
-3.760E-06,0.480
-3.740E-06,0.460
-3.720E-06,0.500
-3.700E-06,0.480
-3.680E-06,0.500
-3.660E-06,0.520
-3.640E-06,0.520
-3.620E-06,0.500
-3.600E-06,0.460
-3.580E-06,0.480
-3.560E-06,0.480
-3.540E-06,0.460
-3.520E-06,0.460
-3.500E-06,0.460
-3.480E-06,0.460
-3.460E-06,0.460
-3.440E-06,0.440
-3.420E-06,0.480
-3.400E-06,0.480
-3.380E-06,0.480
-3.360E-06,0.480
-3.340E-06,0.440
-3.320E-06,0.440
-3.300E-06,0.460
-3.280E-06,0.460
-3.260E-06,0.460
-3.240E-06,0.460
-3.220E-06,0.460
-3.200E-06,0.460
-3.180E-06,0.440
-3.160E-06,0.440
-3.140E-06,0.440
-3.120E-06,0.440
-3.100E-06,0.440
-3.080E-06,0.440
-3.060E-06,0.440
-3.040E-06,0.420
-3.020E-06,0.420
-3.000E-06,0.420
-2.980E-06,0.440
-2.960E-06,0.500
-2.940E-06,0.440
-2.920E-06,0.380
-2.900E-06,0.380
-2.880E-06,0.360
-2.860E-06,0.440
-2.840E-06,0.440
-2.820E-06,0.440
-2.800E-06,0.460
-2.780E-06,0.460
-2.760E-06,0.420
-2.740E-06,0.440
-2.720E-06,0.380
-2.700E-06,0.380
-2.680E-06,0.380
-2.660E-06,0.380
-2.640E-06,0.400
-2.620E-06,0.400
-2.600E-06,0.420
-2.580E-06,0.420
-2.560E-06,0.420
-2.540E-06,0.420
-2.520E-06,0.400
-2.500E-06,0.380
-2.480E-06,0.380
-2.460E-06,0.400
-2.440E-06,0.380
-2.420E-06,0.400
-2.400E-06,0.360
-2.380E-06,0.380
-2.360E-06,0.380
-2.340E-06,0.360
-2.320E-06,0.380
-2.300E-06,0.360
-2.280E-06,0.360
-2.260E-06,0.360
-2.240E-06,0.360
-2.220E-06,0.360
-2.200E-06,0.380
-2.180E-06,0.380
-2.160E-06,0.360
-2.140E-06,0.360
-2.120E-06,0.320
-2.100E-06,0.360
-2.080E-06,0.340
-2.060E-06,0.360
-2.040E-06,0.320
-2.020E-06,0.320
-2.000E-06,0.320
-1.980E-06,0.340
-1.960E-06,0.320
-1.940E-06,0.340
-1.920E-06,0.360
-1.900E-06,0.340
-1.880E-06,0.340
-1.860E-06,0.300
-1.840E-06,0.320
-1.820E-06,0.340
-1.800E-06,0.320
-1.780E-06,0.320
-1.760E-06,0.320
-1.740E-06,0.300
-1.720E-06,0.340
-1.700E-06,0.300
-1.680E-06,0.340
-1.660E-06,0.300
-1.640E-06,0.300
-1.620E-06,0.280
-1.600E-06,0.320
-1.580E-06,0.280
-1.560E-06,0.300
-1.540E-06,0.300
-1.520E-06,0.280
-1.500E-06,0.280
-1.480E-06,0.280
-1.460E-06,0.280
-1.440E-06,0.280
-1.420E-06,0.280
-1.400E-06,0.300
-1.380E-06,0.280
-1.360E-06,0.280
-1.340E-06,0.280
-1.320E-06,0.280
-1.300E-06,0.300
-1.280E-06,0.280
-1.260E-06,0.280
-1.240E-06,0.300
-1.220E-06,0.260
-1.200E-06,0.260
-1.180E-06,0.240
-1.160E-06,0.260
-1.140E-06,0.260
-1.120E-06,0.280
-1.100E-06,0.240
-1.080E-06,0.260
-1.060E-06,0.280
-1.040E-06,0.280
-1.020E-06,0.240
-1.000E-06,0.280
-9.800E-07,0.260
-9.600E-07,0.220
-9.400E-07,0.240
-9.200E-07,0.220
-9.000E-07,0.260
-8.800E-07,0.200
-8.600E-07,0.240
-8.400E-07,0.240
-8.200E-07,0.220
-8.000E-07,0.220
-7.800E-07,0.220
-7.600E-07,0.220
-7.400E-07,0.200
-7.200E-07,0.220
-7.000E-07,0.240
-6.800E-07,0.220
-6.600E-07,0.200
-6.400E-07,0.220
-6.200E-07,0.200
-6.000E-07,0.200
-5.800E-07,0.240
-5.600E-07,0.220
-5.400E-07,0.200
-5.200E-07,0.220
-5.000E-07,0.180
-4.800E-07,0.200
-4.600E-07,0.200
-4.400E-07,0.200
-4.200E-07,0.180
-4.000E-07,0.200
-3.800E-07,0.220
-3.600E-07,0.160
-3.400E-07,0.220
-3.200E-07,0.200
-3.000E-07,0.200
-2.800E-07,0.180
-2.600E-07,0.200
-2.400E-07,0.200
-2.200E-07,0.200
-2.000E-07,0.200
-1.800E-07,0.240
-1.600E-07,0.260
-1.400E-07,0.240
-1.200E-07,0.240
-1.000E-07,0.220
-8.000E-08,0.220
-6.000E-08,0.260
-4.000E-08,0.140
-2.000E-08,-0.040
0.000E+00,-0.520
2.000E-08,-1.060
4.000E-08,-0.520
6.000E-08,0.820
8.000E-08,2.060
1.000E-07,2.160
1.200E-07,1.280
1.400E-07,0.180
1.600E-07,-0.620
1.800E-07,-0.740
2.000E-07,-0.460
2.200E-07,-0.020
2.400E-07,0.440
2.600E-07,0.600
2.800E-07,0.480
3.000E-07,0.240
3.200E-07,-0.040
3.400E-07,-0.180
3.600E-07,-0.300
3.800E-07,-0.080
4.000E-07,0.180
4.200E-07,0.400
4.400E-07,0.340
4.600E-07,0.080
4.800E-07,-0.120
5.000E-07,-0.220
5.200E-07,-0.020
5.400E-07,0.180
5.600E-07,0.460
5.800E-07,0.480
6.000E-07,0.500
6.200E-07,0.320
6.400E-07,0.200
6.600E-07,0.040
6.800E-07,0.120
7.000E-07,0.100
7.200E-07,0.240
7.400E-07,0.340
7.600E-07,0.360
7.800E-07,0.240
8.000E-07,0.120
8.200E-07,0.140
8.400E-07,0.140
8.600E-07,0.160
8.800E-07,0.380
9.000E-07,0.500
9.200E-07,0.620
9.400E-07,0.640
9.600E-07,0.640
9.800E-07,0.620
1.000E-06,0.580
1.020E-06,0.500
1.040E-06,0.460
1.060E-06,0.480
1.080E-06,0.480
1.100E-06,0.500
1.120E-06,0.540
1.140E-06,0.640
1.160E-06,-0.280
1.180E-06,0.440
1.200E-06,1.120
1.220E-06,0.780
1.240E-06,0.860
1.260E-06,0.680
1.280E-06,0.640
1.300E-06,0.460
1.320E-06,0.260
1.340E-06,0.120
1.360E-06,0.120
1.380E-06,0.120
1.400E-06,0.200
1.420E-06,0.340
1.440E-06,0.420
1.460E-06,0.420
1.480E-06,0.360
1.500E-06,0.260
1.520E-06,0.200
1.540E-06,0.080
1.560E-06,0.020
1.580E-06,0.000
1.600E-06,0.000
1.620E-06,0.000
1.640E-06,0.040
1.660E-06,0.040
1.680E-06,0.020
1.700E-06,0.000
1.720E-06,0.000
1.740E-06,-0.060
1.760E-06,-0.040
1.780E-06,0.000
1.800E-06,0.040
1.820E-06,0.020
1.840E-06,0.060
1.860E-06,0.080
1.880E-06,0.060
1.900E-06,0.100
1.920E-06,0.120
1.940E-06,0.100
1.960E-06,0.120
1.980E-06,0.140
2.000E-06,0.160
2.020E-06,0.180
2.040E-06,0.140
2.060E-06,0.120
2.080E-06,0.120
2.100E-06,0.080
2.120E-06,0.040
2.140E-06,0.080
2.160E-06,0.040
2.180E-06,0.020
2.200E-06,0.060
2.220E-06,0.100
2.240E-06,0.100
2.260E-06,0.120
2.280E-06,0.100
2.300E-06,0.100
2.320E-06,0.060
2.340E-06,0.060
2.360E-06,0.020
2.380E-06,0.040
2.400E-06,0.060
2.420E-06,0.080
2.440E-06,0.100
2.460E-06,0.060
2.480E-06,0.100
2.500E-06,0.100
2.520E-06,0.120
2.540E-06,0.120
2.560E-06,0.120
2.580E-06,0.080
2.600E-06,0.080
2.620E-06,0.100
2.640E-06,0.100
2.660E-06,0.120
2.680E-06,0.100
2.700E-06,0.100
2.720E-06,0.060
2.740E-06,0.100
2.760E-06,0.100
2.780E-06,0.080
2.800E-06,0.080
2.820E-06,0.080
2.840E-06,0.080
2.860E-06,0.120
2.880E-06,0.100
2.900E-06,0.120
2.920E-06,0.080
2.940E-06,0.100
2.960E-06,0.060
2.980E-06,0.080
3.000E-06,0.080
3.020E-06,0.080
3.040E-06,0.040
3.060E-06,0.040
3.080E-06,0.080
3.100E-06,0.100
3.120E-06,0.120
3.140E-06,0.100
3.160E-06,0.080
3.180E-06,0.060
3.200E-06,0.060
3.220E-06,0.100
3.240E-06,0.060
3.260E-06,0.040
3.280E-06,0.040
3.300E-06,0.060
3.320E-06,0.140
3.340E-06,0.080
3.360E-06,0.120
3.380E-06,0.120
3.400E-06,0.080
3.420E-06,0.100
3.440E-06,0.100
3.460E-06,0.080
3.480E-06,0.040
3.500E-06,0.080
3.520E-06,0.040
3.540E-06,0.060
3.560E-06,0.060
3.580E-06,0.060
3.600E-06,0.060
3.620E-06,0.080
3.640E-06,0.060
3.660E-06,0.080
3.680E-06,0.040
3.700E-06,0.040
3.720E-06,0.060
3.740E-06,0.100
3.760E-06,0.100
3.780E-06,0.060
3.800E-06,0.080
3.820E-06,0.060
3.840E-06,0.080
3.860E-06,0.080
3.880E-06,0.040
3.900E-06,0.080
3.920E-06,0.040
3.940E-06,0.060
3.960E-06,0.060
3.980E-06,0.100
4.000E-06,0.080
4.020E-06,0.060
4.040E-06,0.100
4.060E-06,0.060
4.080E-06,0.040
4.100E-06,0.100
4.120E-06,0.080
4.140E-06,0.060
4.160E-06,0.100
4.180E-06,0.060
4.200E-06,0.060
4.220E-06,0.100
4.240E-06,0.060
4.260E-06,0.040
4.280E-06,0.060
4.300E-06,0.080
4.320E-06,0.080
4.340E-06,0.060
4.360E-06,0.100
4.380E-06,0.080
4.400E-06,0.060
4.420E-06,0.120
4.440E-06,0.100
4.460E-06,0.080
4.480E-06,0.080
4.500E-06,0.080
4.520E-06,0.080
4.540E-06,0.100
4.560E-06,0.080
4.580E-06,0.080
4.600E-06,0.080
4.620E-06,0.080
4.640E-06,0.080
4.660E-06,0.060
4.680E-06,0.060
4.700E-06,0.080
4.720E-06,0.080
4.740E-06,0.100
4.760E-06,0.080
4.780E-06,0.100
4.800E-06,0.080
4.820E-06,0.060
4.840E-06,0.080
4.860E-06,0.080
4.880E-06,0.060
4.900E-06,0.100
4.920E-06,0.060
4.940E-06,0.040
4.960E-06,0.060
4.980E-06,0.080
5.000E-06,0.080
5.020E-06,0.040
5.040E-06,0.060
5.060E-06,0.100
5.080E-06,0.080
5.100E-06,0.040
5.120E-06,0.100
5.140E-06,0.100
5.160E-06,0.080
5.180E-06,0.080
5.200E-06,0.080
5.220E-06,0.060
5.240E-06,0.100
5.260E-06,0.060
5.280E-06,0.060
5.300E-06,0.100
5.320E-06,0.060
5.340E-06,0.040
5.360E-06,0.080
5.380E-06,0.080
5.400E-06,0.060
5.420E-06,0.080
5.440E-06,0.060
5.460E-06,0.080
5.480E-06,0.060
5.500E-06,0.060
5.520E-06,0.080
5.540E-06,0.100
5.560E-06,0.040
5.580E-06,0.080
5.600E-06,0.080
5.620E-06,0.060
5.640E-06,0.040
5.660E-06,0.080
5.680E-06,0.080
5.700E-06,0.080
5.720E-06,0.080
5.740E-06,0.060
5.760E-06,0.040
5.780E-06,0.060
5.800E-06,0.080
5.820E-06,0.080
5.840E-06,0.060
5.860E-06,0.100
5.880E-06,0.100
5.900E-06,0.060
5.920E-06,0.080
5.940E-06,0.060
5.960E-06,0.080
5.980E-06,0.100
6.000E-06,0.080
6.020E-06,0.060
6.040E-06,0.080
6.060E-06,0.080
6.080E-06,0.060
6.100E-06,0.080
6.120E-06,0.100
6.140E-06,0.080
6.160E-06,0.020
6.180E-06,0.080
6.200E-06,0.100
6.220E-06,0.120
6.240E-06,0.060
6.260E-06,0.060
6.280E-06,0.040
6.300E-06,0.060
6.320E-06,0.060
6.340E-06,0.080
6.360E-06,0.080
6.380E-06,0.060
6.400E-06,0.080
6.420E-06,0.060
6.440E-06,0.060
6.460E-06,0.060
6.480E-06,0.100
6.500E-06,0.080
6.520E-06,0.080
6.540E-06,0.080
6.560E-06,0.040
6.580E-06,0.080
6.600E-06,0.100
6.620E-06,0.060
6.640E-06,0.080
6.660E-06,0.040
6.680E-06,0.060
6.700E-06,0.060
6.720E-06,0.060
6.740E-06,0.040
6.760E-06,0.100
6.780E-06,0.080
6.800E-06,0.100
6.820E-06,0.100
6.840E-06,0.080
6.860E-06,0.060
6.880E-06,0.060
6.900E-06,0.040
6.920E-06,0.040
6.940E-06,0.040
6.960E-06,0.040
6.980E-06,0.040
7.000E-06,0.080
7.020E-06,0.060
7.040E-06,0.040
7.060E-06,0.040
7.080E-06,0.080
7.100E-06,0.040
7.120E-06,0.040
7.140E-06,0.060
7.160E-06,0.080
7.180E-06,0.060
7.200E-06,0.060
7.220E-06,0.040
7.240E-06,0.060
7.260E-06,0.060
7.280E-06,0.100
7.300E-06,0.080
7.320E-06,0.060
7.340E-06,0.060
7.360E-06,0.040
7.380E-06,0.080
7.400E-06,0.100
7.420E-06,0.060
7.440E-06,0.060
7.460E-06,0.040
7.480E-06,0.060
7.500E-06,0.080
7.520E-06,0.060
7.540E-06,0.060
7.560E-06,0.040
7.580E-06,0.060
7.600E-06,0.080
7.620E-06,0.060
7.640E-06,0.040
7.660E-06,0.060
7.680E-06,0.040
7.700E-06,0.100
7.720E-06,0.060
7.740E-06,0.060
7.760E-06,0.060
7.780E-06,0.060
7.800E-06,0.080
7.820E-06,0.020
7.840E-06,0.060
7.860E-06,0.040
7.880E-06,0.080
7.900E-06,0.060
7.920E-06,0.060
7.940E-06,0.040
7.960E-06,0.060
7.980E-06,0.060
8.000E-06,0.080
8.020E-06,0.080
8.040E-06,0.060
8.060E-06,0.100
8.080E-06,0.060
8.100E-06,0.080
8.120E-06,0.060
8.140E-06,0.060
8.160E-06,0.060
8.180E-06,0.020
8.200E-06,0.080
8.220E-06,0.060
8.240E-06,0.040
8.260E-06,0.080
8.280E-06,0.080
8.300E-06,0.040
8.320E-06,0.080
8.340E-06,0.040
8.360E-06,0.040
8.380E-06,0.040
8.400E-06,0.080
8.420E-06,0.060
8.440E-06,0.060
8.460E-06,0.080
8.480E-06,0.060
8.500E-06,0.060
8.520E-06,0.080
8.540E-06,0.060
8.560E-06,0.080
8.580E-06,0.060
8.600E-06,0.040
8.620E-06,0.060
8.640E-06,0.060
8.660E-06,0.100
8.680E-06,0.080
8.700E-06,0.020
8.720E-06,0.060
8.740E-06,0.080
8.760E-06,0.060
8.780E-06,0.060
8.800E-06,0.080
8.820E-06,0.060
8.840E-06,0.060
8.860E-06,0.040
8.880E-06,0.060
8.900E-06,0.080
8.920E-06,0.060
8.940E-06,0.060
8.960E-06,0.060
8.980E-06,0.040
9.000E-06,0.060
9.020E-06,0.080
9.040E-06,0.100
9.060E-06,0.060
9.080E-06,0.040
9.100E-06,0.040
9.120E-06,0.060
9.140E-06,0.080
9.160E-06,0.040
9.180E-06,0.080
9.200E-06,0.100
9.220E-06,0.080
9.240E-06,0.080
9.260E-06,0.040
9.280E-06,0.080
9.300E-06,0.080
9.320E-06,0.080
9.340E-06,0.060
9.360E-06,0.040
9.380E-06,0.060
9.400E-06,0.080
9.420E-06,0.060
9.440E-06,0.040
9.460E-06,0.060
9.480E-06,0.080
9.500E-06,0.060
9.520E-06,0.040
9.540E-06,0.080
9.560E-06,0.060
9.580E-06,0.020
9.600E-06,0.060
9.620E-06,0.080
9.640E-06,0.060
9.660E-06,0.060
9.680E-06,0.040
9.700E-06,0.060
9.720E-06,0.080
9.740E-06,0.060
9.760E-06,0.040
9.780E-06,0.060
9.800E-06,0.080
9.820E-06,0.060
9.840E-06,0.080
9.860E-06,0.060
9.880E-06,0.040
9.900E-06,0.060
9.920E-06,0.060
9.940E-06,0.060
9.960E-06,0.080
9.980E-06,0.060
1.000E-05,0.040
1.002E-05,0.060
1.004E-05,0.060
1.006E-05,0.060
1.008E-05,0.100
1.010E-05,0.080
1.012E-05,0.060
1.014E-05,0.040
1.016E-05,0.080
1.018E-05,0.080
1.020E-05,0.040
1.022E-05,0.060
1.024E-05,0.040
1.026E-05,0.080
1.028E-05,0.060
1.030E-05,0.080
1.032E-05,0.080
1.034E-05,0.040
1.036E-05,0.060
1.038E-05,0.040
1.040E-05,0.100
1.042E-05,0.080
1.044E-05,0.060
1.046E-05,0.080
1.048E-05,0.080
1.050E-05,0.080
1.052E-05,0.060
1.054E-05,0.060
1.056E-05,0.020
1.058E-05,0.060
1.060E-05,0.080
1.062E-05,0.060
1.064E-05,0.060
1.066E-05,0.040
1.068E-05,0.040
1.070E-05,0.060
1.072E-05,0.040
1.074E-05,0.040
1.076E-05,0.060
1.078E-05,0.080
1.080E-05,0.060
1.082E-05,0.060
1.084E-05,0.080
1.086E-05,0.060
1.088E-05,0.040
1.090E-05,0.040
1.092E-05,0.040
1.094E-05,0.040
1.096E-05,0.040
1.098E-05,0.040
1.100E-05,0.080
1.102E-05,0.100
1.104E-05,0.080
1.106E-05,0.060
1.108E-05,0.080
1.110E-05,0.040
1.112E-05,0.060
1.114E-05,0.080
1.116E-05,0.020
1.118E-05,0.060
1.120E-05,0.080
1.122E-05,0.060
1.124E-05,0.060
1.126E-05,0.060
1.128E-05,0.060
1.130E-05,0.060
1.132E-05,0.040
1.134E-05,0.040
1.136E-05,0.080
1.138E-05,0.100
1.140E-05,0.080
1.142E-05,0.080
1.144E-05,0.040
1.146E-05,0.060
1.148E-05,0.060
1.150E-05,0.040
1.152E-05,0.080
1.154E-05,0.060
1.156E-05,0.040
1.158E-05,0.060
1.160E-05,0.060
1.162E-05,0.080
1.164E-05,0.060
1.166E-05,0.060
1.168E-05,0.080
1.170E-05,0.040
1.172E-05,0.080
1.174E-05,0.060
1.176E-05,0.060
1.178E-05,0.060
1.180E-05,0.080
1.182E-05,0.080
1.184E-05,0.060
1.186E-05,0.060
1.188E-05,0.080
1.190E-05,0.060
1.192E-05,0.080
1.194E-05,0.060
1.196E-05,0.060
1.198E-05,0.060
1.200E-05,0.080
1.202E-05,0.060
1.204E-05,0.080
1.206E-05,0.060
1.208E-05,0.080
1.210E-05,0.060
1.212E-05,0.040
1.214E-05,0.040
1.216E-05,0.040
1.218E-05,0.100
1.220E-05,0.060
1.222E-05,0.040
1.224E-05,0.060
1.226E-05,0.100
1.228E-05,0.100
1.230E-05,0.060
1.232E-05,0.040
1.234E-05,0.080
1.236E-05,0.060
1.238E-05,0.020
1.240E-05,0.060
1.242E-05,0.060
1.244E-05,0.060
1.246E-05,0.060
1.248E-05,0.060
1.250E-05,0.040
1.252E-05,0.060
1.254E-05,0.080
1.256E-05,0.060
1.258E-05,0.120
1.260E-05,0.080
1.262E-05,0.060
1.264E-05,0.060
1.266E-05,0.060
1.268E-05,0.060
1.270E-05,0.060
1.272E-05,0.080
1.274E-05,0.060
1.276E-05,0.020
1.278E-05,0.060
1.280E-05,0.080
1.282E-05,0.060
1.284E-05,0.060
1.286E-05,0.060
1.288E-05,0.020
1.290E-05,0.060
1.292E-05,0.040
1.294E-05,0.040
1.296E-05,0.080
1.298E-05,0.100
1.300E-05,0.060
1.302E-05,0.060
1.304E-05,0.040
1.306E-05,0.060
1.308E-05,0.080
1.310E-05,0.100
1.312E-05,0.060
1.314E-05,0.060
1.316E-05,0.020
1.318E-05,0.060
1.320E-05,0.060
1.322E-05,0.060
1.324E-05,0.060
1.326E-05,0.040
1.328E-05,0.060
1.330E-05,0.080
1.332E-05,0.080
1.334E-05,0.060
1.336E-05,0.080
1.338E-05,0.040
1.340E-05,0.060
1.342E-05,0.060
1.344E-05,0.040
1.346E-05,0.080
1.348E-05,0.060
1.350E-05,0.060
1.352E-05,0.080
1.354E-05,0.040
1.356E-05,0.100
1.358E-05,0.080
1.360E-05,0.060
1.362E-05,0.040
1.364E-05,0.060
1.366E-05,0.080
1.368E-05,0.060
1.370E-05,0.080
1.372E-05,0.060
1.374E-05,0.040
1.376E-05,0.060
1.378E-05,0.080
1.380E-05,0.060
1.382E-05,0.060
1.384E-05,0.060
1.386E-05,0.040
1.388E-05,0.060
1.390E-05,0.080
1.392E-05,0.080
1.394E-05,0.080
1.396E-05,0.080
1.398E-05,0.060
1.400E-05,0.100
1.402E-05,0.080
1.404E-05,0.040
1.406E-05,0.060
1.408E-05,0.060
1.410E-05,0.060
1.412E-05,0.060
1.414E-05,0.040
1.416E-05,0.060
1.418E-05,0.020
1.420E-05,0.080
1.422E-05,0.060
1.424E-05,0.100
1.426E-05,0.060
1.428E-05,0.020
1.430E-05,0.060
1.432E-05,0.040
1.434E-05,0.040
1.436E-05,0.040
1.438E-05,0.080
1.440E-05,0.060
1.442E-05,0.060
1.444E-05,0.080
1.446E-05,0.020
1.448E-05,0.060
1.450E-05,0.080
1.452E-05,0.060
1.454E-05,0.040
1.456E-05,0.060
1.458E-05,0.040
1.460E-05,0.040
1.462E-05,0.060
1.464E-05,0.080
1.466E-05,0.080
1.468E-05,0.060
1.470E-05,0.080
1.472E-05,0.080
1.474E-05,0.080
1.476E-05,0.080
1.478E-05,0.060
1.480E-05,0.040
1.482E-05,0.060
1.484E-05,0.040
1.486E-05,0.060
1.488E-05,0.080
1.490E-05,0.060
1.492E-05,0.060
1.494E-05,0.080
1.496E-05,0.040
1.498E-05,0.060
1.500E-05,0.060
1.502E-05,0.080
1.504E-05,0.060
1.506E-05,0.060
1.508E-05,0.040
1.510E-05,0.020
1.512E-05,0.080
1.514E-05,0.060
1.516E-05,0.080
1.518E-05,0.080
1.520E-05,0.060
1.522E-05,0.060
1.524E-05,0.040
1.526E-05,0.040
1.528E-05,0.080
1.530E-05,0.060
1.532E-05,0.040
1.534E-05,0.080
1.536E-05,0.060
1.538E-05,0.020
1.540E-05,0.060
1.542E-05,0.060
1.544E-05,0.020
1.546E-05,0.060
1.548E-05,0.100
1.550E-05,0.060
1.552E-05,0.040
1.554E-05,0.040
1.556E-05,0.060
1.558E-05,0.080
1.560E-05,0.060
1.562E-05,0.060
1.564E-05,0.060
1.566E-05,0.060
1.568E-05,0.060
1.570E-05,0.060
1.572E-05,0.080
1.574E-05,0.060
1.576E-05,0.060
1.578E-05,0.040
1.580E-05,0.080
1.582E-05,0.040
1.584E-05,0.060
1.586E-05,0.080
1.588E-05,0.060
1.590E-05,0.080
1.592E-05,0.080
1.594E-05,0.060
1.596E-05,0.080
1.598E-05,0.060
1.600E-05,0.060
1.602E-05,0.080
1.604E-05,0.060
1.606E-05,0.040
1.608E-05,0.060
1.610E-05,0.060
1.612E-05,0.080
1.614E-05,0.060
1.616E-05,0.060
1.618E-05,0.060
1.620E-05,0.040
1.622E-05,0.080
1.624E-05,0.100
1.626E-05,0.080
1.628E-05,0.060
1.630E-05,0.060
1.632E-05,0.080
1.634E-05,0.060
1.636E-05,0.060
1.638E-05,0.080
1.640E-05,0.060
1.642E-05,0.040
1.644E-05,0.060
1.646E-05,0.100
1.648E-05,0.080
1.650E-05,0.080
1.652E-05,0.060
1.654E-05,0.080
1.656E-05,0.080
1.658E-05,0.080
1.660E-05,0.020
1.662E-05,0.060
1.664E-05,0.040
1.666E-05,0.060
1.668E-05,0.080
1.670E-05,0.080
1.672E-05,0.020
1.674E-05,0.080
1.676E-05,0.060
1.678E-05,0.040
1.680E-05,0.060
1.682E-05,0.080
1.684E-05,0.060
1.686E-05,0.080
1.688E-05,0.100
1.690E-05,0.060
1.692E-05,0.060
1.694E-05,0.040
1.696E-05,0.060
1.698E-05,0.080
1.700E-05,0.060
1.702E-05,0.080
1.704E-05,0.060
1.706E-05,0.080
1.708E-05,0.080
1.710E-05,0.060
1.712E-05,0.080
1.714E-05,0.060
1.716E-05,0.080
1.718E-05,0.060
1.720E-05,0.100
1.722E-05,0.080
1.724E-05,0.080
1.726E-05,0.080
1.728E-05,0.080
1.730E-05,0.100
1.732E-05,0.120
1.734E-05,0.080
1.736E-05,0.080
1.738E-05,0.060
1.740E-05,0.080
1.742E-05,0.060
1.744E-05,0.040
1.746E-05,0.080
1.748E-05,0.080
1.750E-05,0.080
1.752E-05,0.080
1.754E-05,0.040
1.756E-05,0.080
1.758E-05,0.060
1.760E-05,0.040
1.762E-05,0.060
1.764E-05,0.060
1.766E-05,0.080
1.768E-05,0.040
1.770E-05,0.060
1.772E-05,0.080
1.774E-05,0.100
1.776E-05,0.060
1.778E-05,0.040
1.780E-05,0.080
1.782E-05,0.080
1.784E-05,0.060
1.786E-05,0.080
1.788E-05,0.060
1.790E-05,0.040
1.792E-05,0.060
1.794E-05,0.080
1.796E-05,0.040
1.798E-05,0.080
1.800E-05,0.040
1.802E-05,0.060
1.804E-05,0.060
1.806E-05,0.040
1.808E-05,0.080
1.810E-05,0.100
1.812E-05,0.020
1.814E-05,0.060
1.816E-05,0.080
1.818E-05,0.060
1.820E-05,0.040
1.822E-05,0.060
1.824E-05,0.060
1.826E-05,0.060
1.828E-05,0.060
1.830E-05,0.060
1.832E-05,0.060
1.834E-05,0.060
1.836E-05,0.080
1.838E-05,0.060
1.840E-05,0.080
1.842E-05,0.080
1.844E-05,0.060
1.846E-05,0.040
1.848E-05,0.060
1.850E-05,0.040
1.852E-05,0.040
1.854E-05,0.040
1.856E-05,0.060
1.858E-05,0.100
1.860E-05,0.080
1.862E-05,0.060
1.864E-05,0.040
1.866E-05,0.080
1.868E-05,0.040
1.870E-05,0.060
1.872E-05,0.080
1.874E-05,0.080
1.876E-05,0.060
1.878E-05,0.080
1.880E-05,0.080
1.882E-05,0.020
1.884E-05,0.060
1.886E-05,0.040
1.888E-05,0.060
1.890E-05,0.060
1.892E-05,0.060
1.894E-05,0.080
1.896E-05,0.060
1.898E-05,0.060
1.900E-05,0.060
1.902E-05,0.060
1.904E-05,0.060
1.906E-05,0.060
1.908E-05,0.060
1.910E-05,0.060
1.912E-05,0.060
1.914E-05,0.080
1.916E-05,0.060
1.918E-05,0.040
1.920E-05,0.040
1.922E-05,0.060
1.924E-05,0.060
1.926E-05,0.080
1.928E-05,0.080
1.930E-05,0.060
1.932E-05,0.040
1.934E-05,0.080
1.936E-05,0.040
1.938E-05,0.060
1.940E-05,0.060
1.942E-05,0.060
1.944E-05,0.080
1.946E-05,0.100
1.948E-05,0.080
1.950E-05,0.040
1.952E-05,0.060
1.954E-05,0.040
1.956E-05,0.060
1.958E-05,0.060
1.960E-05,0.080
1.962E-05,0.060
1.964E-05,0.040
1.966E-05,0.080
1.968E-05,0.080
1.970E-05,0.060
1.972E-05,0.060
1.974E-05,0.060
1.976E-05,0.060
1.978E-05,0.060
1.980E-05,0.040
1.982E-05,0.040
1.984E-05,0.040
1.986E-05,0.040
1.988E-05,0.040
1.990E-05,0.040
1.992E-05,0.060
1.994E-05,0.060
1.996E-05,0.100
1.998E-05,0.100
2.000E-05,0.120
2.002E-05,0.080
2.004E-05,0.100
2.006E-05,0.060
2.008E-05,0.060
2.010E-05,0.040
2.012E-05,0.020
2.014E-05,0.060
2.016E-05,0.080
2.018E-05,0.040
2.020E-05,0.040
2.022E-05,0.080
2.024E-05,0.040
2.026E-05,0.040
2.028E-05,0.060
2.030E-05,0.040
2.032E-05,0.080
2.034E-05,0.040
2.036E-05,0.060
2.038E-05,0.040
2.040E-05,0.060
2.042E-05,0.100
2.044E-05,0.040
2.046E-05,0.080
2.048E-05,0.060
2.050E-05,0.060
2.052E-05,0.080
2.054E-05,0.080
2.056E-05,0.060
2.058E-05,0.080
2.060E-05,0.060
2.062E-05,0.060
2.064E-05,0.040
2.066E-05,0.080
2.068E-05,0.100
2.070E-05,0.080
2.072E-05,0.060
2.074E-05,0.040
2.076E-05,0.060
2.078E-05,0.080
2.080E-05,0.060
2.082E-05,0.060
2.084E-05,0.040
2.086E-05,0.080
2.088E-05,0.040
2.090E-05,0.060
2.092E-05,0.080
2.094E-05,0.060
2.096E-05,0.040
2.098E-05,0.040
2.100E-05,0.100
2.102E-05,0.060
2.104E-05,0.060
2.106E-05,0.060
2.108E-05,0.060
2.110E-05,0.040
2.112E-05,0.060
2.114E-05,0.040
2.116E-05,0.040
2.118E-05,0.080
2.120E-05,0.060
2.122E-05,0.040
2.124E-05,0.020
2.126E-05,0.060
2.128E-05,0.080
2.130E-05,0.060
2.132E-05,0.040
2.134E-05,0.040
2.136E-05,0.100
2.138E-05,0.080
2.140E-05,0.060
2.142E-05,0.080
2.144E-05,0.060
2.146E-05,0.060
2.148E-05,0.040
2.150E-05,0.020
2.152E-05,0.060
2.154E-05,0.060
2.156E-05,0.080
2.158E-05,0.040
2.160E-05,0.080
2.162E-05,0.060
2.164E-05,0.020
2.166E-05,0.080
2.168E-05,0.080
2.170E-05,0.060
2.172E-05,0.080
2.174E-05,0.060
2.176E-05,0.040
2.178E-05,0.080
2.180E-05,0.080
2.182E-05,0.060
2.184E-05,0.060
2.186E-05,0.040
2.188E-05,0.060
2.190E-05,0.060
2.192E-05,0.060
2.194E-05,0.060
2.196E-05,0.060
2.198E-05,0.080
2.200E-05,0.080
2.202E-05,0.060
2.204E-05,0.040
2.206E-05,0.040
2.208E-05,0.060
2.210E-05,0.080
2.212E-05,0.060
2.214E-05,0.040
2.216E-05,0.080
2.218E-05,0.100
2.220E-05,0.100
2.222E-05,0.080
2.224E-05,0.080
2.226E-05,0.080
2.228E-05,0.080
2.230E-05,0.040
2.232E-05,0.080
2.234E-05,0.060
2.236E-05,0.040
2.238E-05,0.080
2.240E-05,0.060
2.242E-05,0.060
2.244E-05,0.020
2.246E-05,0.060
2.248E-05,0.060
2.250E-05,0.060
2.252E-05,0.060
2.254E-05,0.040
2.256E-05,0.060
2.258E-05,0.080
2.260E-05,0.060
2.262E-05,0.040
2.264E-05,0.080
2.266E-05,0.040
2.268E-05,0.080
2.270E-05,0.100
2.272E-05,0.060
2.274E-05,0.080
2.276E-05,0.080
2.278E-05,0.060
2.280E-05,0.080
2.282E-05,0.060
2.284E-05,0.060
2.286E-05,0.060
2.288E-05,0.060
2.290E-05,0.060
2.292E-05,0.040
2.294E-05,0.060
2.296E-05,0.080
2.298E-05,0.080
2.300E-05,0.060
2.302E-05,0.060
2.304E-05,0.060
2.306E-05,0.100
2.308E-05,0.060
2.310E-05,0.060
2.312E-05,0.040
2.314E-05,0.060
2.316E-05,0.060
2.318E-05,0.040
2.320E-05,0.040
2.322E-05,0.080
2.324E-05,0.080
2.326E-05,0.060
2.328E-05,0.060
2.330E-05,0.040
2.332E-05,0.080
2.334E-05,0.040
2.336E-05,0.060
2.338E-05,0.080
2.340E-05,0.080
2.342E-05,0.080
2.344E-05,0.060
2.346E-05,0.060
2.348E-05,0.060
2.350E-05,0.060
2.352E-05,0.040
2.354E-05,0.060
2.356E-05,0.080
2.358E-05,0.060
2.360E-05,0.060
2.362E-05,0.060
2.364E-05,0.060
2.366E-05,0.060
2.368E-05,0.060
2.370E-05,0.060
2.372E-05,0.060
2.374E-05,0.060
2.376E-05,0.060
2.378E-05,0.040
2.380E-05,0.060
2.382E-05,0.040
2.384E-05,0.040
2.386E-05,0.040
2.388E-05,0.040
2.390E-05,0.080
2.392E-05,0.080
2.394E-05,0.040
2.396E-05,0.040
2.398E-05,0.080
2.400E-05,0.080
2.402E-05,0.080
2.404E-05,0.080
2.406E-05,0.080
2.408E-05,0.100
2.410E-05,0.100
2.412E-05,0.060
2.414E-05,0.080
2.416E-05,0.060
2.418E-05,0.100
2.420E-05,0.060
2.422E-05,0.040
2.424E-05,0.060
2.426E-05,0.040
2.428E-05,0.040
2.430E-05,0.060
2.432E-05,0.080
2.434E-05,0.080
2.436E-05,0.040
2.438E-05,0.040
2.440E-05,0.040
2.442E-05,0.040
2.444E-05,0.080
2.446E-05,0.060
2.448E-05,0.040
2.450E-05,0.060
2.452E-05,0.040
2.454E-05,0.040
2.456E-05,0.100
2.458E-05,0.040
2.460E-05,0.080
2.462E-05,0.100
2.464E-05,0.080
2.466E-05,0.080
2.468E-05,0.040
2.470E-05,0.040
2.472E-05,0.100
2.474E-05,0.100
2.476E-05,0.080
2.478E-05,0.100
2.480E-05,0.080
2.482E-05,0.040
2.484E-05,0.080
2.486E-05,0.060
2.488E-05,0.040
2.490E-05,0.020
2.492E-05,0.060
2.494E-05,0.060
2.496E-05,0.080
2.498E-05,0.040
2.500E-05,0.080
2.502E-05,0.080
2.504E-05,0.060
2.506E-05,0.040
2.508E-05,0.020
2.510E-05,0.080
2.512E-05,0.060
2.514E-05,0.040
2.516E-05,0.040
2.518E-05,0.040
2.520E-05,0.040
2.522E-05,0.040
2.524E-05,0.100
2.526E-05,0.080
2.528E-05,0.060
2.530E-05,0.060
2.532E-05,0.060
2.534E-05,0.040
2.536E-05,0.060
2.538E-05,0.060
2.540E-05,0.040
2.542E-05,0.060
2.544E-05,0.060
2.546E-05,0.040
2.548E-05,0.080
2.550E-05,0.060
2.552E-05,0.060
2.554E-05,0.060
2.556E-05,0.060
2.558E-05,0.060
2.560E-05,0.040
2.562E-05,0.080
2.564E-05,0.060
2.566E-05,0.060
2.568E-05,0.060
2.570E-05,0.060
2.572E-05,0.060
2.574E-05,0.040
2.576E-05,0.080
2.578E-05,0.040
2.580E-05,0.040
2.582E-05,0.080
2.584E-05,0.040
2.586E-05,0.060
2.588E-05,0.060
2.590E-05,0.060
2.592E-05,0.060
2.594E-05,0.080
2.596E-05,0.080
2.598E-05,0.080
2.600E-05,0.080
2.602E-05,0.060
2.604E-05,0.060
2.606E-05,0.080
2.608E-05,0.020
2.610E-05,0.060
2.612E-05,0.060
2.614E-05,0.040
2.616E-05,0.060
2.618E-05,0.040
2.620E-05,0.060
2.622E-05,0.040
2.624E-05,0.100
2.626E-05,0.080
2.628E-05,0.060
2.630E-05,0.080
2.632E-05,0.060
2.634E-05,0.040
2.636E-05,0.080
2.638E-05,0.080
2.640E-05,0.060
2.642E-05,0.040
2.644E-05,0.040
2.646E-05,0.040
2.648E-05,0.080
2.650E-05,0.060
2.652E-05,0.040
2.654E-05,0.060
2.656E-05,0.080
2.658E-05,0.080
2.660E-05,0.040
2.662E-05,0.040
2.664E-05,0.040
2.666E-05,0.080
2.668E-05,0.040
2.670E-05,0.060
2.672E-05,0.040
2.674E-05,0.040
2.676E-05,0.100
2.678E-05,0.040
2.680E-05,0.040
2.682E-05,0.060
2.684E-05,0.080
2.686E-05,0.060
2.688E-05,0.060
2.690E-05,0.060
2.692E-05,0.020
2.694E-05,0.060
2.696E-05,0.080
2.698E-05,0.080
2.700E-05,0.040
2.702E-05,0.060
2.704E-05,0.040
2.706E-05,0.040
2.708E-05,0.040
2.710E-05,0.040
2.712E-05,0.100
2.714E-05,0.080
2.716E-05,0.060
2.718E-05,0.080
2.720E-05,0.060
2.722E-05,0.060
2.724E-05,0.060
2.726E-05,0.040
2.728E-05,0.080
2.730E-05,0.040
2.732E-05,0.060
2.734E-05,0.080
2.736E-05,0.060
2.738E-05,0.060
2.740E-05,0.020
2.742E-05,0.080
2.744E-05,0.040
2.746E-05,0.060
2.748E-05,0.080
2.750E-05,0.020
2.752E-05,0.060
2.754E-05,0.060
2.756E-05,0.020
2.758E-05,0.060
2.760E-05,0.080
2.762E-05,0.040
2.764E-05,0.060
2.766E-05,0.080
2.768E-05,0.080
2.770E-05,0.080
2.772E-05,0.060
2.774E-05,0.040
2.776E-05,0.060
2.778E-05,0.040
2.780E-05,0.060
2.782E-05,0.060
2.784E-05,0.080
2.786E-05,0.080
2.788E-05,0.040
2.790E-05,0.060
2.792E-05,0.080
2.794E-05,0.060
2.796E-05,0.080
2.798E-05,0.100
2.800E-05,0.060
2.802E-05,0.080
2.804E-05,0.040
2.806E-05,0.060
2.808E-05,0.060
2.810E-05,0.100
2.812E-05,0.060
2.814E-05,0.040
2.816E-05,0.100
2.818E-05,0.080
2.820E-05,0.060
2.822E-05,0.080
2.824E-05,0.080
2.826E-05,0.020
2.828E-05,0.060
2.830E-05,0.080
2.832E-05,0.060
2.834E-05,0.080
2.836E-05,0.060
2.838E-05,0.020
2.840E-05,0.060
2.842E-05,0.080
2.844E-05,0.060
2.846E-05,0.060
2.848E-05,0.060
2.850E-05,0.060
2.852E-05,0.060
2.854E-05,0.080
2.856E-05,0.040
2.858E-05,0.040
2.860E-05,0.100
2.862E-05,0.060
2.864E-05,0.060
2.866E-05,0.060
2.868E-05,0.060
2.870E-05,0.020
2.872E-05,0.060
2.874E-05,0.040
2.876E-05,0.060
2.878E-05,0.040
2.880E-05,0.040
2.882E-05,0.040
2.884E-05,0.060
2.886E-05,0.060
2.888E-05,0.060
2.890E-05,0.080
2.892E-05,0.060
2.894E-05,0.060
2.896E-05,0.060
2.898E-05,0.060
2.900E-05,0.060
2.902E-05,0.040
2.904E-05,0.060
2.906E-05,0.080
2.908E-05,0.060
2.910E-05,0.040
2.912E-05,0.040
2.914E-05,0.080
2.916E-05,0.060
2.918E-05,0.040
2.920E-05,0.060
2.922E-05,0.080
2.924E-05,0.060
2.926E-05,0.040
2.928E-05,0.080
2.930E-05,0.060
2.932E-05,0.060
2.934E-05,0.060
2.936E-05,0.040
2.938E-05,0.040
2.940E-05,0.060
2.942E-05,0.040
2.944E-05,0.040
2.946E-05,0.080
2.948E-05,0.060
2.950E-05,0.040
2.952E-05,0.080
2.954E-05,0.060
2.956E-05,0.020
2.958E-05,0.060
2.960E-05,0.040
2.962E-05,0.040
2.964E-05,0.080
2.966E-05,0.080
2.968E-05,0.060
2.970E-05,0.100
2.972E-05,0.080
2.974E-05,0.040
2.976E-05,0.080
2.978E-05,0.060
2.980E-05,0.040
2.982E-05,0.060
2.984E-05,0.040
2.986E-05,0.080
2.988E-05,0.060
2.990E-05,0.060
2.992E-05,0.040
2.994E-05,0.060
2.996E-05,0.080
2.998E-05,0.080
3.000E-05,0.060
3.002E-05,0.080
3.004E-05,0.020
3.006E-05,0.080
3.008E-05,0.060
3.010E-05,0.060
3.012E-05,0.060
3.014E-05,0.040
3.016E-05,0.060
3.018E-05,0.040
3.020E-05,0.060
3.022E-05,0.040
3.024E-05,0.040
3.026E-05,0.080
3.028E-05,0.060
3.030E-05,0.060
3.032E-05,0.020
3.034E-05,0.060
3.036E-05,0.040
3.038E-05,0.060
3.040E-05,0.040
3.042E-05,0.040
3.044E-05,0.080
3.046E-05,0.080
3.048E-05,0.060
3.050E-05,0.080
3.052E-05,0.080
3.054E-05,0.060
3.056E-05,0.060
3.058E-05,0.060
3.060E-05,0.080
3.062E-05,0.080
3.064E-05,0.080
3.066E-05,0.080
3.068E-05,0.080
3.070E-05,0.060
3.072E-05,0.080
3.074E-05,0.060
3.076E-05,0.080
3.078E-05,0.060
3.080E-05,0.060
3.082E-05,0.100
3.084E-05,0.040
3.086E-05,0.060
3.088E-05,0.060
3.090E-05,0.040
3.092E-05,0.040
3.094E-05,0.060
3.096E-05,0.080
3.098E-05,0.060
3.100E-05,0.040
3.102E-05,0.060
3.104E-05,0.100
3.106E-05,0.080
3.108E-05,0.080
3.110E-05,0.060
3.112E-05,0.060
3.114E-05,0.040
3.116E-05,0.060
3.118E-05,0.080
3.120E-05,0.060
3.122E-05,0.060
3.124E-05,0.040
3.126E-05,0.060
3.128E-05,0.080
3.130E-05,0.080
3.132E-05,0.060
3.134E-05,0.040
3.136E-05,0.080
3.138E-05,0.080
3.140E-05,0.060
3.142E-05,0.080
3.144E-05,0.060
3.146E-05,0.040
3.148E-05,0.040
3.150E-05,0.100
3.152E-05,0.040
3.154E-05,0.060
3.156E-05,0.040
3.158E-05,0.060
3.160E-05,0.040
3.162E-05,0.060
3.164E-05,0.080
3.166E-05,0.060
3.168E-05,0.080
3.170E-05,0.060
3.172E-05,0.080
3.174E-05,0.060
3.176E-05,0.060
3.178E-05,0.040
3.180E-05,0.060
3.182E-05,0.080
3.184E-05,0.040
3.186E-05,0.060
3.188E-05,0.040
3.190E-05,0.080
3.192E-05,0.080
3.194E-05,0.060
3.196E-05,0.040
3.198E-05,0.040
3.200E-05,0.040
3.202E-05,0.040
3.204E-05,0.040
3.206E-05,0.060
3.208E-05,0.080
3.210E-05,0.080
3.212E-05,0.060
3.214E-05,0.040
3.216E-05,0.040
3.218E-05,0.040
3.220E-05,0.080
3.222E-05,0.080
3.224E-05,0.080
3.226E-05,0.060
3.228E-05,0.060
3.230E-05,0.040
3.232E-05,0.060
3.234E-05,0.080
3.236E-05,0.060
3.238E-05,0.080
3.240E-05,0.100
3.242E-05,0.060
3.244E-05,0.080
3.246E-05,0.060
3.248E-05,0.060
3.250E-05,0.080
3.252E-05,0.060
3.254E-05,0.080
3.256E-05,0.080
3.258E-05,0.060
3.260E-05,0.060
3.262E-05,0.060
3.264E-05,0.060
3.266E-05,0.060
3.268E-05,0.040
3.270E-05,0.060
3.272E-05,0.040
3.274E-05,0.060
3.276E-05,0.040
3.278E-05,0.080
3.280E-05,0.100
3.282E-05,0.060
3.284E-05,0.040
3.286E-05,0.020
3.288E-05,0.100
3.290E-05,0.060
3.292E-05,0.080
3.294E-05,0.060
3.296E-05,0.080
3.298E-05,0.040
3.300E-05,0.060
3.302E-05,0.080
3.304E-05,0.080
3.306E-05,0.060
3.308E-05,0.080
3.310E-05,0.060
3.312E-05,0.100
3.314E-05,0.080
3.316E-05,0.060
3.318E-05,0.060
3.320E-05,0.080
3.322E-05,0.060
3.324E-05,0.060
3.326E-05,0.060
3.328E-05,0.040
3.330E-05,0.040
3.332E-05,0.040
3.334E-05,0.040
3.336E-05,0.080
3.338E-05,0.060
3.340E-05,0.040
3.342E-05,0.060
3.344E-05,0.100
3.346E-05,0.100
3.348E-05,0.060
3.350E-05,0.080
3.352E-05,0.060
3.354E-05,0.040
3.356E-05,0.080
3.358E-05,0.080
3.360E-05,0.060
3.362E-05,0.040
3.364E-05,0.100
3.366E-05,0.080
3.368E-05,0.040
3.370E-05,0.080
3.372E-05,0.040
3.374E-05,0.040
3.376E-05,0.100
3.378E-05,0.080
3.380E-05,0.060
3.382E-05,0.040
3.384E-05,0.040
3.386E-05,0.040
3.388E-05,0.080
3.390E-05,0.080
3.392E-05,0.020
3.394E-05,0.100
3.396E-05,0.060
3.398E-05,0.080
3.400E-05,0.060
3.402E-05,0.040
3.404E-05,0.080
3.406E-05,0.080
3.408E-05,0.100
3.410E-05,0.060
3.412E-05,0.100
3.414E-05,0.080
3.416E-05,0.040
3.418E-05,0.060
3.420E-05,0.040
3.422E-05,0.040
3.424E-05,0.080
3.426E-05,0.060
3.428E-05,0.080
3.430E-05,0.040
3.432E-05,0.060
3.434E-05,0.060
3.436E-05,0.060
3.438E-05,0.020
3.440E-05,0.060
3.442E-05,0.040
3.444E-05,0.080
3.446E-05,0.100
3.448E-05,0.080
3.450E-05,0.080
3.452E-05,0.060
3.454E-05,0.060
3.456E-05,0.060
3.458E-05,0.080
3.460E-05,0.080
3.462E-05,0.040
3.464E-05,0.060
3.466E-05,0.040
3.468E-05,0.080
3.470E-05,0.040
3.472E-05,0.080
3.474E-05,0.080
3.476E-05,0.080
3.478E-05,0.060
3.480E-05,0.080
3.482E-05,0.060
3.484E-05,0.060
3.486E-05,0.060
3.488E-05,0.080
3.490E-05,0.060
3.492E-05,0.060
3.494E-05,0.060
3.496E-05,0.020
3.498E-05,0.060
3.500E-05,0.060
3.502E-05,0.080
3.504E-05,0.040
3.506E-05,0.080
3.508E-05,0.060
3.510E-05,0.060
3.512E-05,0.080
3.514E-05,0.060
3.516E-05,0.060
3.518E-05,0.100
3.520E-05,0.060
3.522E-05,0.040
3.524E-05,0.060
3.526E-05,0.040
3.528E-05,0.040
3.530E-05,0.040
3.532E-05,0.040
3.534E-05,0.080
3.536E-05,0.060
3.538E-05,0.040
3.540E-05,0.060
3.542E-05,0.060
3.544E-05,0.060
3.546E-05,0.060
3.548E-05,0.040
3.550E-05,0.060
3.552E-05,0.040
3.554E-05,0.080
3.556E-05,0.080
3.558E-05,0.080
3.560E-05,0.040
3.562E-05,0.080
3.564E-05,0.060
3.566E-05,0.060
3.568E-05,0.020
3.570E-05,0.060
3.572E-05,0.060
3.574E-05,0.040
3.576E-05,0.040
3.578E-05,0.060
3.580E-05,0.060
3.582E-05,0.040
3.584E-05,0.040
3.586E-05,0.060
3.588E-05,0.080
3.590E-05,0.060
3.592E-05,0.040
3.594E-05,0.060
3.596E-05,0.040
3.598E-05,0.080
3.600E-05,0.060
3.602E-05,0.040
3.604E-05,0.060
3.606E-05,0.080
3.608E-05,0.060
3.610E-05,0.080
3.612E-05,0.060
3.614E-05,0.040
3.616E-05,0.060
3.618E-05,0.060
3.620E-05,0.060
3.622E-05,0.060
3.624E-05,0.040
3.626E-05,0.060
3.628E-05,0.040
3.630E-05,0.040
3.632E-05,0.080
3.634E-05,0.080
3.636E-05,0.020
3.638E-05,0.080
3.640E-05,0.080
3.642E-05,0.040
3.644E-05,0.080
3.646E-05,0.080
3.648E-05,0.060
3.650E-05,0.080
3.652E-05,0.100
3.654E-05,0.080
3.656E-05,0.080
3.658E-05,0.060
3.660E-05,0.040
3.662E-05,0.100
3.664E-05,0.060
3.666E-05,0.060
3.668E-05,0.060
3.670E-05,0.060
3.672E-05,0.080
3.674E-05,0.080
3.676E-05,0.080
3.678E-05,0.060
3.680E-05,0.040
3.682E-05,0.080
3.684E-05,0.080
3.686E-05,0.080
3.688E-05,0.060
3.690E-05,0.080
3.692E-05,0.020
3.694E-05,0.020
3.696E-05,0.080
3.698E-05,0.060
3.700E-05,0.080
3.702E-05,0.020
3.704E-05,0.080
3.706E-05,0.060
3.708E-05,0.080
3.710E-05,0.060
3.712E-05,0.060
3.714E-05,0.040
3.716E-05,0.060
3.718E-05,0.080
3.720E-05,0.080
3.722E-05,0.060
3.724E-05,0.060
3.726E-05,0.080
3.728E-05,0.040
3.730E-05,0.040
3.732E-05,0.040
3.734E-05,0.040
3.736E-05,0.060
3.738E-05,0.080
3.740E-05,0.040
3.742E-05,0.060
3.744E-05,0.040
3.746E-05,0.100
3.748E-05,0.040
3.750E-05,0.040
3.752E-05,0.080
3.754E-05,0.040
3.756E-05,0.040
3.758E-05,0.020
3.760E-05,0.080
3.762E-05,0.040
3.764E-05,0.080
3.766E-05,0.080
3.768E-05,0.060
3.770E-05,0.060
3.772E-05,0.040
3.774E-05,0.060
3.776E-05,0.080
3.778E-05,0.040
3.780E-05,0.040
3.782E-05,0.040
3.784E-05,0.060
3.786E-05,0.080
3.788E-05,0.060
3.790E-05,0.100
3.792E-05,0.060
3.794E-05,0.080
3.796E-05,0.060
3.798E-05,0.080
3.800E-05,0.060
3.802E-05,0.040
3.804E-05,0.060
3.806E-05,0.100
3.808E-05,0.020
3.810E-05,0.040
3.812E-05,0.060
3.814E-05,0.060
3.816E-05,0.080
3.818E-05,0.040
3.820E-05,0.080
3.822E-05,0.040
3.824E-05,0.100
3.826E-05,0.100
3.828E-05,0.060
3.830E-05,0.040
3.832E-05,0.080
3.834E-05,0.060
3.836E-05,0.040
3.838E-05,0.060
3.840E-05,0.040
3.842E-05,0.060
3.844E-05,0.060
3.846E-05,0.080
3.848E-05,0.020
3.850E-05,0.060
3.852E-05,0.040
3.854E-05,0.040
3.856E-05,0.080
3.858E-05,0.080
3.860E-05,0.060
3.862E-05,0.040
3.864E-05,0.040
3.866E-05,0.040
3.868E-05,0.060
3.870E-05,0.080
3.872E-05,0.060
3.874E-05,0.060
3.876E-05,0.040
3.878E-05,0.020
3.880E-05,0.060
3.882E-05,0.020
3.884E-05,0.060
3.886E-05,0.060
3.888E-05,0.080
